(title "Static Temperature")
(labels "Position" "Static Temperature")

((xy/key/label "interface5.1")
0.09	369.962
0.091	369.953
0.092	369.94
0.093	369.928
0.094	369.916
0.095	369.904
0.096	369.892
0.097	369.88
0.098	369.869
0.099	369.858
0.1	369.847
0.101	369.837
0.102	369.827
0.103	369.818
0.104	369.808
0.105	369.8
0.106	369.791
0.107	369.784
0.108	369.776
0.109	369.769
0.11	369.763
0.111	369.757
0.112	369.751
0.113	369.746
0.114	369.741
0.115	369.737
0.116	369.734
0.117	369.731
0.118	369.728
0.119	369.726
0.12	369.726
)
