(title "Static Temperature")
(labels "Position" "Static Temperature")

((xy/key/label "plane-7")
0.095	321.448
0.095	321.215
0.1	321.121
0.1	321.246
0.1	321.518
0.095	321.723
0.1	321.831
0.095	322.039
0.1	322.187
0.095	322.398
0.1	322.585
0.095	322.8
0.1	323.028
0.095	323.247
0.1	323.515
0.095	323.738
0.1	324.047
0.095	324.276
0.1	324.627
0.095	324.861
0.1	325.254
0.095	325.494
0.095	326.176
0.1	325.93
0.1	326.656
0.095	326.91
0.1	327.435
0.095	327.696
0.1	328.267
0.095	328.536
0.1	329.155
0.095	329.432
0.1	330.101
0.095	330.386
0.1	331.106
0.095	331.4
0.1	332.175
0.095	332.478
0.1	333.309
0.095	333.621
0.1	334.291
0.095	334.835
0.09	321.63
0.09	321.395
0.09	321.906
0.09	322.225
0.09	322.587
0.09	322.993
0.09	323.443
0.09	323.939
0.09	324.481
0.09	325.071
0.09	325.709
0.09	326.397
0.09	327.136
0.09	327.928
0.09	328.775
0.09	329.678
0.09	330.639
0.09	331.66
0.09	332.744
0.09	333.893
0.09	335.109
0.085	321.79
0.085	321.553
0.085	322.069
0.085	322.39
0.085	322.755
0.085	323.163
0.085	323.617
0.085	324.116
0.085	324.662
0.085	325.256
0.085	325.899
0.085	326.592
0.085	327.336
0.085	328.134
0.085	328.986
0.085	329.894
0.085	330.861
0.085	331.888
0.085	332.976
0.085	334.128
0.085	335.345
0.08	321.929
0.08	321.691
0.08	322.21
0.08	322.533
0.08	322.9
0.08	323.311
0.08	323.768
0.08	324.27
0.08	324.82
0.08	325.417
0.08	326.064
0.08	326.76
0.08	327.509
0.08	328.311
0.08	329.168
0.08	330.081
0.08	331.052
0.08	332.082
0.08	333.174
0.08	334.328
0.08	335.546
0.075	322.047
0.075	321.808
0.075	322.329
0.075	322.654
0.075	323.023
0.075	323.437
0.075	323.896
0.075	324.401
0.075	324.953
0.075	325.553
0.075	326.203
0.075	326.903
0.075	327.656
0.075	328.461
0.075	329.321
0.075	330.238
0.075	331.212
0.075	332.246
0.075	333.34
0.075	334.496
0.075	335.714
0.07	322.144
0.07	321.904
0.07	322.427
0.07	322.754
0.07	323.124
0.07	323.54
0.07	324
0.07	324.507
0.07	325.062
0.07	325.665
0.07	326.317
0.07	327.02
0.07	327.775
0.07	328.583
0.07	329.447
0.07	330.366
0.07	331.343
0.07	332.378
0.07	333.474
0.07	334.631
0.07	335.85
0.065	322.219
0.065	321.978
0.065	322.504
0.065	322.831
0.065	323.203
0.065	323.62
0.065	324.082
0.065	324.59
0.065	325.147
0.065	325.751
0.065	326.406
0.065	327.111
0.065	327.868
0.065	328.678
0.065	329.544
0.065	330.465
0.065	331.444
0.065	332.481
0.065	333.578
0.065	334.736
0.065	335.955
0.06	322.032
0.06	322.273
0.06	322.558
0.06	322.886
0.06	323.259
0.06	323.677
0.06	324.14
0.06	324.65
0.06	325.207
0.06	325.813
0.06	326.469
0.06	327.176
0.06	327.934
0.06	328.746
0.06	329.613
0.06	330.536
0.06	331.516
0.06	332.554
0.06	333.652
0.06	334.81
0.06	336.03
0.055	322.064
0.055	322.306
0.055	322.591
0.055	322.92
0.055	323.293
0.055	323.711
0.055	324.175
0.055	324.686
0.055	325.244
0.055	325.851
0.055	326.507
0.055	327.214
0.055	327.974
0.055	328.787
0.055	329.654
0.055	330.578
0.055	331.559
0.055	332.598
0.055	333.696
0.055	334.855
0.055	336.074
0.05	322.074
0.05	322.316
0.05	322.602
0.05	322.931
0.05	323.304
0.05	323.722
0.05	324.187
0.05	324.697
0.05	325.256
0.05	325.863
0.05	326.52
0.05	327.227
0.05	327.987
0.05	328.8
0.05	329.668
0.05	330.592
0.05	331.573
0.05	332.612
0.05	333.711
0.05	334.87
0.05	336.089
0.045	322.064
0.045	322.306
0.045	322.591
0.045	322.92
0.045	323.293
0.045	323.711
0.045	324.175
0.045	324.686
0.045	325.244
0.045	325.851
0.045	326.507
0.045	327.214
0.045	327.974
0.045	328.787
0.045	329.654
0.045	330.578
0.045	331.559
0.045	332.598
0.045	333.696
0.045	334.855
0.045	336.074
0.04	322.032
0.04	322.273
0.04	322.558
0.04	322.886
0.04	323.259
0.04	323.677
0.04	324.14
0.04	324.65
0.04	325.207
0.04	325.813
0.04	326.469
0.04	327.176
0.04	327.934
0.04	328.746
0.04	329.613
0.04	330.536
0.04	331.516
0.04	332.554
0.04	333.652
0.04	334.81
0.04	336.03
0.035	321.978
0.035	322.219
0.035	322.504
0.035	322.831
0.035	323.203
0.035	323.62
0.035	324.082
0.035	324.59
0.035	325.147
0.035	325.751
0.035	326.406
0.035	327.111
0.035	327.868
0.035	328.678
0.035	329.544
0.035	330.465
0.035	331.444
0.035	332.481
0.035	333.578
0.035	334.736
0.035	335.955
0.03	321.904
0.03	322.144
0.03	322.427
0.03	322.754
0.03	323.124
0.03	323.54
0.03	324
0.03	324.507
0.03	325.062
0.03	325.665
0.03	326.317
0.03	327.02
0.03	327.775
0.03	328.583
0.03	329.447
0.03	330.366
0.03	331.343
0.03	332.378
0.03	333.474
0.03	334.631
0.03	335.85
0.025	321.808
0.025	322.047
0.025	322.329
0.025	322.654
0.025	323.023
0.025	323.437
0.025	323.896
0.025	324.401
0.025	324.953
0.025	325.553
0.025	326.203
0.025	326.903
0.025	327.656
0.025	328.461
0.025	329.321
0.025	330.238
0.025	331.212
0.025	332.246
0.025	333.34
0.025	334.496
0.025	335.714
0.02	321.691
0.02	321.929
0.02	322.21
0.02	322.533
0.02	322.9
0.02	323.311
0.02	323.768
0.02	324.27
0.02	324.82
0.02	325.417
0.02	326.064
0.02	326.76
0.02	327.509
0.02	328.311
0.02	329.168
0.02	330.081
0.02	331.052
0.02	332.082
0.02	333.174
0.02	334.328
0.02	335.546
0.015	321.553
0.015	321.79
0.015	322.069
0.015	322.39
0.015	322.755
0.015	323.163
0.015	323.617
0.015	324.116
0.015	324.662
0.015	325.256
0.015	325.899
0.015	326.592
0.015	327.336
0.015	328.134
0.015	328.986
0.015	329.894
0.015	330.861
0.015	331.888
0.015	332.976
0.015	334.128
0.015	335.345
0.01	321.395
0.01	321.63
0.01	321.906
0.01	322.225
0.01	322.587
0.01	322.993
0.01	323.443
0.01	323.939
0.01	324.481
0.01	325.071
0.01	325.709
0.01	326.397
0.01	327.136
0.01	327.928
0.01	328.775
0.01	329.678
0.01	330.639
0.01	331.66
0.01	332.744
0.01	333.893
0.01	335.109
0.005	321.215
0.005	321.448
0.005	321.723
0.005	322.039
0.005	322.398
0.005	322.8
0.005	323.247
0.005	323.738
0.005	324.276
0.005	324.861
0.005	325.494
0.005	326.176
0.005	326.91
0.005	327.696
0.005	328.536
0.005	329.432
0.005	330.386
0.005	331.4
0.005	332.478
0.005	333.621
0.005	334.835
-5.51091e-19	321.246
0	321.121
-1.10218e-18	321.518
-1.65327e-18	321.831
-2.20436e-18	322.187
-2.75546e-18	322.585
-3.30655e-18	323.028
-3.85764e-18	323.515
-4.40873e-18	324.047
-4.95982e-18	324.627
-5.51091e-18	325.254
-6.062e-18	325.93
-6.61309e-18	326.656
-7.16418e-18	327.435
-7.71527e-18	328.267
-8.26637e-18	329.155
-8.81746e-18	330.101
-9.36855e-18	331.106
-9.91964e-18	332.175
-1.04707e-17	333.309
-1.38778e-17	334.291
)
