(title "Static Temperature")
(labels "Position" "Static Temperature")

((xy/key/label "plane-26")
0.18	339.732
0.19	339.728
0.19	339.728
0.18	339.73
0.18	339.731
0.19	339.727
0.18	339.728
0.19	339.726
0.17	339.734
0.17	339.735
0.17	339.734
0.17	339.732
0.16	339.736
0.16	339.737
0.16	339.737
0.16	339.736
0.15	339.736
0.15	339.739
0.15	339.741
0.15	339.741
0.14	339.737
0.14	339.742
0.14	339.745
0.14	339.745
0.13	339.747
0.13	339.75
0.13	339.75
0.13	339.749
0.12	339.754
0.12	339.756
0.12	339.754
0.12	339.753
0.11	339.756
0.11	339.757
0.11	339.757
0.11	339.756
0.1	339.758
0.1	339.759
0.1	339.759
0.1	339.758
0.09	339.758
0.09	339.759
0.09	339.759
0.09	339.757
0.08	339.756
0.08	339.757
0.08	339.756
0.08	339.755
0.07	339.751
0.07	339.753
0.07	339.753
0.07	339.753
0.06	339.745
0.06	339.748
0.06	339.75
0.06	339.749
0.05	339.739
0.05	339.744
0.05	339.745
0.05	339.744
0.04	339.738
0.04	339.74
0.04	339.741
0.04	339.741
0.03	339.737
0.03	339.738
0.03	339.739
0.03	339.738
0.02	339.734
0.02	339.735
0.02	339.735
0.02	339.733
0.01	339.731
0.01	339.731
0.01	339.73
0.01	339.729
1e-15	339.728
4.996e-16	339.728
2.498e-16	339.727
0	339.727
0.049	339.547
0.049	339.53
0.046	339.529
0.046	339.546
0.049	339.59
0.046	339.59
0.046	339.739
0.049	339.739
0.144	339.548
0.144	339.531
0.141	339.53
0.141	339.547
0.144	339.591
0.141	339.591
0.141	339.737
0.144	339.737
0.036816	300
0.0312466	300
0.0326835	300
0.0405956	300
0.0418662	300
0.0417344	300.034
0.0371775	300.034
0.0446193	300
0.052044	300.001
0.141	339.58
0.135573	312.374
0.135065	306.76
0.132893	307.768
0.141	339.681
0.130778	339.718
0.231729	300
0.228113	300
0.231833	300
0.232644	300
0.233197	300
0.22722	300
0.222487	300
0.225235	300
0.229468	300
-0.0162489	300
-0.0194062	300
-0.0164766	300
-0.0126535	300
-0.0218954	300
-0.0264005	300
-0.0215831	300
-0.0248192	300
-0.115599	300
-0.129593	300
-0.131027	300
-0.125623	300
-0.118432	300
-0.130401	300
-0.131819	300
-0.131953	300
-0.131724	300
-0.123608	300
-0.147443	300
-0.146272	300
-0.135868	300
-0.144821	300
-0.129505	300
-0.138644	300
-0.132906	300
-0.148112	300
0.274493	300
0.267282	300
0.282138	300
0.279883	300
0.266323	300
0.264087	300
0.275936	300
0.254864	300
0.257628	300
0.265084	300
0.269136	300
0.265874	300
0.254357	300
0.264547	300
0.262766	300
0.254819	300
0.28082	300
0.272267	300
0.276385	300
0.281904	300
0.282968	300
0.275686	300
0.270116	300
0.28014	300
0.267061	300
0.273848	300
0.278939	300
0.286569	300
0.282709	300
0.287272	300
0.290512	300
-0.125186	300
-0.115191	300
-0.129949	300
-0.118914	300
-0.114457	300
-0.138786	300
-0.135499	300
-0.130851	300
0.219323	300
0.226613	300
0.227564	300
0.218341	300
0.227168	300
0.227345	300
0.235988	300
0.233088	300
0.239312	300
0.233373	300
0.240218	300
0.232731	300
0.32305	300
0.320434	300
0.32468	300
0.32335	300
0.310253	300
0.308958	300
0.31825	300
0.335154	300
0.324769	300
0.32151	300
0.32557	300
0.327748	300
0.161185	300.288
0.158258	300.266
0.159736	300.307
0.151817	300.263
0.149112	300.271
0.153575	300.236
0.15188	300.326
0.161914	300.212
0.158646	300.196
0.158268	300.21
0.156568	300.336
0.354416	300
0.359024	300
0.360935	300
0.35869	300
0.365674	300
0.364765	300
0.361541	300
0.369515	300
0.366872	300
0.372192	300
0.372168	300
-0.16935	300
-0.173469	300
-0.173624	300
-0.17377	300
-0.173715	300
-0.182483	300
-0.176368	300
-0.173687	300
-0.182252	300
-0.17359	300
-0.180106	300
-0.177944	300
-0.167293	300
0.176715	301.47
0.174377	303.382
0.178413	302.612
0.177804	301.206
0.177217	301.038
0.177328	308.424
0.174268	305.164
0.173271	309.169
0.169047	303.91
0.175105	301.057
0.170331	301.657
0.176913	305.92
0.1697	302.821
0.151334	301.916
0.150018	302.355
0.153468	301.303
0.157839	300.465
0.155639	301.332
0.149058	307.282
0.150149	303.101
0.144	339.523
0.15133	304.731
0.15521	302.274
0.144	339.492
0.223277	300
0.216192	300
0.219179	300
0.224721	300
0.230079	300
0.229522	300
0.224951	300
0.231149	300
0.230156	300
0.224628	300
0.222663	300
0.221064	300
0.216473	300
-0.00769574	302.867
-0.0102265	301.942
-0.00740367	303.078
-0.00757559	302.517
-0.0149934	300.753
4.996e-16	339.702
-0.00580807	310.446
-0.00806157	302.713
2.498e-16	339.703
-0.00822839	302.42
-0.0114839	301.899
0.0666704	300.008
0.0666406	300.008
0.0672956	300.008
0.0777381	300.018
0.0725715	300.019
0.0776226	300.013
0.0675792	300.007
0.0629849	300.027
0.0651508	300.01
0.0565713	300.032
0.0743876	300.014
0.0696129	300.023
0.0608311	300.026
0.055957	300.029
0.189654	300.003
0.181223	300.011
0.181586	300.033
0.190378	300.004
0.180771	300.012
0.19149	300.003
0.194571	300.003
0.193675	300.002
0.188078	300.005
0.195619	300.001
0.200548	300.001
0.317948	300
0.318179	300
0.317894	300
0.317882	300
0.0306233	300.046
0.0287858	301.701
0.025754	300.014
0.0238818	300
0.022615	300.006
0.0174269	300
0.0232843	300.006
0.0173953	300
0.0265683	300
0.0302341	300.019
0.0215449	300.233
0.017776	300.586
0.0165019	300.401
0.0201625	302.247
0.0603165	300.05
0.0656469	300.064
0.067452	302.979
0.0636805	302.77
0.070415	300.123
0.0514175	300.361
0.0484841	300.431
0.0517472	300.068
0.0504534	301.772
0.0585909	302.312
0.0668999	300.022
0.0626223	300.014
0.052951	300.003
0.1685	300.225
0.169994	300.342
0.171537	300.184
0.173854	300.222
0.164397	300.177
-0.0660799	300
-0.0567037	300
-0.0546476	300
-0.0570821	300
-0.0704057	300
-0.0766374	300
-0.0694591	300
-0.0822855	300
-0.0645269	300
-0.0611781	300
-0.0821695	300
-0.117565	300
-0.127188	300
-0.120024	300
-0.1142	300
-0.118121	300
-0.12816	300
-0.128717	300
-0.129244	300
-0.129191	300
0.260403	300
0.256161	300
0.251189	300
0.255701	300
0.267165	300
0.253649	300
0.263928	300
0.271492	300
0.258477	300
0.270433	300
0.272157	300
0.268076	300
0.27294	300
0.267894	300
0.323227	300
0.323232	300
0.323754	300
0.282191	300
0.281651	300
0.284273	300
0.151963	300.049
0.151798	300.049
0.151952	300.049
0.158102	300.044
0.1661	300.05
0.178258	300.031
0.173706	300.065
0.164831	300.045
0.168546	300.033
0.175576	300.04
0.151792	300.049
0.151742	300.05
0.162392	300.078
0.175845	300.038
0.163478	300.055
0.153015	300.058
0.151746	300.049
0.215215	300.003
0.211346	300.059
0.215639	300.003
0.216857	300.003
0.216449	300.007
0.214216	300.007
0.209663	300.076
0.210668	300.046
0.214548	300.007
0.224171	300.001
0.225156	300
0.226686	300
0.153103	300
0.149323	300
0.148736	300
0.143828	300
0.141077	300
0.164479	300
0.165174	300
0.156778	300
0.151239	300
0.146831	300
0.156173	300
0.151137	300
0.145233	300
0.147441	300
0.162329	300
0.153509	300
0.150701	300
0.165582	300
0.167499	300
0.177585	300
0.175071	300
0.166028	300
0.167716	300
0.160633	300
0.168949	300
0.174684	300
0.0452471	300.048
0.0351568	300.102
0.036976	300.125
0.0462885	300.06
0.0460736	300.061
0.0444717	300.039
0.0341652	300.084
0.035659	300.161
0.0183912	300.113
0.024655	300.158
0.0223778	300.078
0.0331887	300.093
0.295151	300
0.296711	300
0.295964	300
0.300612	300
0.300473	300
0.30399	300
0.294531	300
0.305426	300
0.299531	300
0.307511	300
0.135401	300.842
0.13585	300.857
0.135974	300.859
0.135503	300.837
0.129029	300.447
0.127614	300.474
0.122317	300.162
0.126084	300.231
0.126398	300.212
0.118354	300.04
0.117591	300.042
0.127683	300.228
-0.0531997	300
-0.0534377	300
-0.050283	300
-0.0579793	300
-0.0503779	300
0.0968379	300
0.0989004	300
0.0919729	300
0.0885379	300
0.0885998	300
0.0906927	300
0.0922486	300
0.105398	300
0.105452	300
0.105881	300
0.106175	300
0.0999847	300
0.102485	300
0.0668768	301.477
0.0653637	300.377
0.0617814	301.504
0.0637118	302.141
0.0599469	301.597
0.0628009	300.529
0.0667898	300.379
0.056204	303.552
0.0548151	303.599
0.0548769	303.422
0.0635161	300.876
0.0572248	301.415
0.0613013	301.483
0.0657754	300.262
0.32409	300
0.322479	300
0.317661	300
0.322179	300
0.340981	300
0.331562	300
0.331476	300
0.334536	300
0.343043	300
0.340017	300
0.334375	300
0.0434525	300.348
0.04247	300.674
0.043824	300.61
0.0459446	302.404
0.0679753	300.038
0.0731746	300.018
0.072233	300.091
0.0658194	300.163
0.0741558	300.013
0.0767614	300.048
0.0782554	300.229
0.0793628	300.067
0.0789412	300.045
0.0722306	300.254
0.136914	302.962
0.136077	300.882
0.129919	300.43
0.132672	300.752
0.140809	303.045
0.141	339.5
0.12433	300.198
0.115842	300.036
0.118292	300.078
0.123178	300.345
0.127662	300.486
0.126872	300.235
0.118961	300.235
0.109643	300.085
0.110525	300.135
0.123606	300.51
0.126856	300.594
0.117534	300.358
0.210903	300.011
0.210725	300.012
0.210894	300.011
0.210671	300.016
0.205417	300.042
0.20008	300.103
0.210754	300.012
0.205986	300.035
0.19649	300.096
0.196531	300.094
0.199852	300.169
0.195276	300.464
0.196888	300.655
0.19285	300.383
0.361258	300
0.360685	300
0.361152	300
0.372298	300
0.368281	300
0.372261	300
0.371778	300
0.368049	300
0.360946	300
0.360114	300
0.36087	300
0.362644	300
0.356024	300
0.364088	300
0.360351	300
0.349003	300
0.348974	300
0.358368	300
0.352415	300
-0.179048	300
-0.167436	300
-0.174312	300
-0.167314	300
-0.172432	300
-0.177876	300
-0.180478	300
-0.183353	300
-0.182298	300
-0.182305	300
-0.182254	300
-0.182363	300
-0.182296	300
-0.182597	300
-0.182513	300
-0.186065	300
-0.181667	300
-0.182346	300
-0.173818	300
-0.174443	300
-0.19	300
-0.186202	300
-0.182595	300
-0.19	300
0.0183124	300.026
0.018164	300.028
0.0141333	300.02
0.019428	300.029
-0.165179	300
-0.157876	300
-0.157696	300
-0.166701	300
-0.170351	300
-0.172018	300
-0.168465	300
-0.16999	300
-0.161938	300
-0.165708	300
-0.168101	300
-0.169178	300
0.33756	300
0.341403	300
0.338582	300
0.337123	300
0.337294	300
0.340522	300
-0.106537	300
-0.105977	300
-0.110587	300
-0.114273	300
-0.104753	300
-0.116215	300
-0.106364	300
-0.110509	300
-0.122773	300
-0.116807	300
-0.119549	300
-0.111501	300
-0.120166	300
-0.181753	300
-0.175949	300
-0.169925	300
-0.17304	300
-0.19	300
-0.18709	300
-0.175717	300
-0.182441	300
-0.19	300
-0.188199	300
-0.19	300
0.361192	300
0.361222	300
0.360281	300
0.368808	300
0.36168	300
0.363691	300
0.371686	300
0.371746	300
0.375551	300
0.375573	300
0.38	300
0.362646	300
0.371943	300
0.367876	300
0.372305	300
0.377874	300
0.372569	300
0.38	300
0.38	300
-0.127822	300
-0.122349	300
-0.124833	300
-0.129552	300
-0.133087	300
-0.126553	300
-0.125231	300
-0.128673	300
-0.13295	300
0.375191	300
0.38	300
0.379341	300
0.38	300
0.372186	300
0.372873	300
0.376272	300
0.299606	300
0.298955	300
0.300888	300
0.306105	300
0.307589	300
0.300826	300
0.3075	300
0.308	300
0.307853	300
0.046	339.683
0.379067	300
0.38	300
0.38	300
0.370439	300
-0.16712	300
-0.170181	300
-0.169263	300
-0.172776	300
0.049	339.583
0.0592222	339.724
0.049	339.685
0.120556	339.732
0.38	300
0.374151	300
0.373415	300
0.38	300
0.38	300
-0.19	300
-0.19	300
-0.189695	300
-0.19	300
-0.186825	300
-0.19	300
-0.179731	300
-0.181794	300
-0.186801	300
-0.19	300
0.1624	339.716
0.1532	339.714
-0.19	300
-0.178162	300
-0.177799	300
-0.19	300
-0.188945	300
-0.19	300
-0.182352	300
-0.19	300
0.0092	339.708
1e-15	339.687
0.340092	300
0.339325	300
0.340894	300
0.335079	300
0.330768	300
0.0898889	339.737
0.0796667	339.733
0.144	339.586
0.144	339.686
0.18204	300.016
0.185284	300.013
0.190005	300.008
0.143602	300.072
0.143755	300.073
0.145193	300.135
0.138798	300.079
0.149949	300.1
-0.182373	300
-0.19	300
-0.19	300
-0.19	300
-0.182762	300
-0.19	300
-0.19	300
-0.185493	300
-0.19	300
-0.18416	300
0.05	339.72
0.0303323	300
0.0298002	300
0.0292726	300
0.38	300
0.379229	300
0.38	300
0.0215466	300.03
0.0252506	300.035
0.0265578	300.039
0.0299576	300.067
0.0543884	300.043
0.0614306	300.033
0.0624905	300.029
0.0576006	300.055
0.0522723	300.049
-0.0445803	300
-0.0457324	300
-0.0450352	300
-0.0422136	300
-0.0549348	300
-0.0520716	300
0.201764	300
0.2015	300
0.20219	300
0.200361	300
0.02	339.71
0.03	339.714
0	339.684
0.01	339.702
0.1	339.737
0.11	339.737
0.11546	300
0.11149	300
0.110658	300
0.107695	300
0.101304	300
0.110834	300
0.110672	300
0.0996124	300
0.0985669	300
0.127454	300
0.126925	300
0.12374	300
0.116506	300
0.120272	300
0.111301	300
0.117069	300
0.12	339.731
0.08	339.734
0.09	339.738
0.0116363	300
0.0134505	300
0.0128603	300
0.00870229	300
0.0187029	300
0.00618208	300
0.00229883	300
0.163637	300
0.164295	300
0.16201	300
0.16894	300
0.18439	300
0.189834	300
0.18679	300
0.185473	300
0.185976	300
0.180936	300
0.194118	300
0.216832	300
0.218694	300
0.214161	300
0.220892	300
0.21274	300
0.203653	300
-0.0617411	300
-0.05034	300
-0.0504953	300
-0.0595052	300
-0.0360293	300
-0.0383506	300
-0.028927	300
-0.0324744	300
-0.0400688	300
-0.0338944	300
-0.0643501	300
-0.0629237	300
-0.083399	300
-0.0783601	300
-0.0813165	300
-0.0857517	300
-0.0896618	300
-0.0820136	300
-0.0586709	300
-0.0648919	300
-0.0624347	300
-0.0477003	300
0.0862662	300.003
0.0890652	300.001
0.0900339	300.002
0.0665757	300.015
0.069562	300.014
0.0724658	300.031
0.0645248	300.025
0.0594854	300.055
0.0681873	300.014
0.0690265	300.014
0.00943394	300.012
0.00799002	300.008
0.00879357	300.009
0.026569	300.041
0.0262925	300.039
0.0344455	300.056
0.0337035	300.05
0.0364715	300.059
0.0352861	300.067
0.0404873	300.098
-0.0100007	300.001
-0.00809423	300.001
-0.0118937	300
-0.0173163	300
-0.0209069	300
-0.0187536	300
0.046	339.499
0.049	339.49
0.15871	300
0.156909	300
0.153075	300
0.138924	300
0.139091	300
0.138999	300
0.38	300
0.38	300
0.379086	300
0.375634	300
0.38	300
0.38	300
0.38	300
0.376263	300
0.38	300
0.374818	300
0.38	300
0.372652	300
0.38	300
0.32019	300
0.319006	300
0.32066	300
0.296884	300
0.296278	300
0.292983	300
0.298975	300
0.378935	300
0.38	300
0.38	300
0.377776	300
0.38	300
0.38	300
0.378502	300
0.38	300
0.38	300
0.38	300
0.373917	300
0.372599	300
0.371776	300
0.371797	300
0.371864	300
0.38	300
0.38	300
0.373316	300
0.38	300
0.371968	300
0.372477	300
0.19	339.701
0.19	339.683
0.371814	300
0.17	339.705
0.18	339.697
0.0467132	300
0.0459852	300
0.042638	300
0.0503128	300
0.0804848	300
0.0785222	300
0.0844504	300
0.0682198	300
0.0680828	300
0.067581	300
0.06	339.725
0.07	339.731
0.128131	300
0.127759	300
0.129009	300
0.136973	300
0.13425	300
0.135825	300
0.13	339.726
0.14	339.722
0.046224	300
0.046481	300
-0.19	300
-0.19	300
-0.189668	300
-0.19	300
-0.19	300
-0.182572	300
-0.19	300
-0.185435	300
-0.182313	300
-0.19	300
-0.184215	300
-0.182361	300
-0.19	300
-0.19	300
-0.183712	300
-0.184856	300
-0.19	300
-0.19	300
-0.188256	300
-0.19	300
-0.18897	300
-0.182631	300
-0.19	300
-0.187912	300
-0.19	300
-0.189323	300
-0.19	300
-0.182215	300
-0.19	300
-0.18853	300
-0.19	300
-0.19	300
-0.188422	300
-0.182657	300
-0.0936956	300
-0.0982613	300
-0.0957871	300
-0.079166	300
-0.0778248	300
-0.0824013	300
-0.0843486	300
-0.0751786	300
-0.0714985	300
-0.0734916	300
-0.18153	300
-0.182489	300
-0.19	300
-0.19	300
-0.186636	300
0.205279	300.001
0.206452	300
0.202976	300.001
0.22608	300
0.229419	300
0.229964	300
0.233513	300
0.22337	300
0.120491	300.041
0.121969	300.041
0.122747	300.047
0.12503	300.045
0.106672	300.007
0.106836	300.008
0.106431	300.007
0.112249	300.014
0.115149	300.016
0.113057	300.014
0.107672	300.008
0.107164	300.009
0.114668	300.023
0.162916	300.078
0.164331	300.062
0.170732	300.047
0.15985	300.073
0.15311	300.104
0.154437	300.093
0.143776	300.073
0.132443	300.101
0.137371	300.076
0.131024	300.099
0.180897	300.018
0.180188	300.026
0.183295	300.017
0.172319	300.04
0.171984	300.042
0.192783	300.004
0.197923	300.002
0.202397	300.001
0.38	300
0.38	300
0.373683	300
0.0694444	339.731
0.100111	339.735
0.342873	300
0.341484	300
0.046	339.526
0.0184	339.712
0.0276	339.714
-0.17266	300
-0.175028	300
-0.174387	300
-0.19	300
-0.183909	300
-0.19	300
-0.182802	300
0.1808	339.707
0.1716	339.713
-0.19	300
-0.188573	300
-0.19	300
-0.184731	300
-0.19	300
-0.183413	300
-0.19	300
-0.181958	300
-0.182117	300
-0.182125	300
-0.19	300
-0.189848	300
0.372621	300
0.355492	300
0.357111	300
0.34851	300
0.350565	300
0.359263	300
0.359746	300
0.364644	300
0.362776	300
0.3661	300
0.369731	300
0.372645	300
0.377196	300
0.38	300
0.38	300
0.374762	300
0.110333	339.735
0.141	339.529
0.136988	306.151
-0.182662	300
0.0368	339.719
0.046	339.576
0.377075	300
0.38	300
0.38	300
0.37222	300
0.372192	300
0.38	300
0.372192	300
0.379672	300
0.379873	300
0.38	300
0.38	300
0.366933	300
0.364254	300
0.365712	300
0.360208	300
0.37391	300
0.366826	300
0.368615	300
0.354831	300
0.354245	300
0.356215	300
0.350421	300
0.049	339.522
0.28346	300
0.286538	300
0.288345	300
0.298873	300
0.303311	300
0.304352	300
0.30118	300
0.308904	300
-0.163419	300
-0.164623	300
-0.163134	300
-0.158498	300
-0.142664	300
-0.140025	300
-0.145473	300
-0.149055	300
-0.145795	300
-0.114963	300
-0.113268	300
-0.112831	300
-0.110273	300
0.249435	300
0.245581	300
0.246764	300
0.251018	300
0.243325	300
0.237768	300
0.24285	300
-0.19	300
-0.19	300
-0.185245	300
-0.187841	300
-0.19	300
-0.19	300
-0.186033	300
-0.19	300
-0.19	300
-0.19	300
0.24875	300
0.256328	300
0.252339	300
0.256952	300
0.258182	300
0.253262	300
0.229912	300
0.244997	300
0.265597	300
0.266854	300
0.263944	300
0.260528	300
0.261151	300
0.264885	300
-0.129716	300
-0.123638	300
-0.122236	300
-0.120088	300
-0.0960648	300
-0.100262	300
-0.103026	300
-0.103322	300
-0.106859	300
-0.156932	300
-0.151797	300
-0.159045	300
-0.156123	300
-0.15648	300
-0.157009	300
-0.13365	300
-0.132006	300
-0.131229	300
-0.143769	300
-0.146595	300
-0.162882	300
-0.157789	300
-0.157201	300
-0.182173	300
-0.19	300
-0.181979	300
0.289642	300
0.295284	300
0.281669	300
0.286882	300
0.278006	300
0.279868	300
-0.145856	300
-0.143789	300
-0.145142	300
0.0537975	303.669
0.375874	300
0.38	300
0.38	300
0.372447	300
0.372405	300
0.377208	300
0.38	300
0.372739	300
0.372711	300
0.378534	300
0.353932	300
0.352345	300
-0.182267	300
-0.19	300
-0.185057	300
-0.18286	300
-0.182357	300
0.377367	300
0.38	300
0.38	300
0.38	300
0.371747	300
0.374787	300
0.38	300
0.38	300
-0.0157383	300
-0.0174357	300
-0.0141199	300.001
-0.182725	300
-0.19	300
0.327616	300
0.327079	300
0.326929	300
0.322278	300
0.32583	300
0.326577	300
0.311676	300
0.314235	300
0.336713	300
0.339888	300
-0.182252	300
-0.19	300
-0.18835	300
-0.182344	300
0.379424	300
0.37242	300
0.38	300
0.38	300
0.377634	300
0.38	300
0.38	300
0.19141	300.006
0.191741	300.004
0.195069	300.003
0.188828	300.005
0.207504	300
0.210504	300
0.213344	300
0.143735	300.073
0.143662	300.073
0.156614	300.091
0.157213	300.083
0.163638	300.066
0.0939498	300.002
0.0951821	300.002
0.0984457	300.006
0.092527	300.003
0.122232	300.065
0.129194	300.08
0.130611	300.082
0.23532	300
0.134131	300.124
0.138102	300.083
-0.109333	300
-0.0690261	300
-0.0761033	300
-0.0676986	300
-0.0664478	300
-0.0847509	300
-0.0851596	300
-0.0799695	300
-0.0786492	300
-0.123533	300
-0.189432	300
-0.19	300
-0.182223	300
-0.189191	300
-0.19	300
-0.19	300
-0.188725	300
-0.18265	300
-0.182673	300
-0.181592	300
-0.181328	300
-0.181305	300
-0.19	300
0.0592337	300
0.0607165	300
0.0645604	300
0.15	339.72
0.110881	300
0.142628	300
0.246404	300
0.0685143	300
0.0684083	300
0.0883446	300
0.086878	300
0.0837688	300
0.19	339.676
0.16	339.711
0.0130025	300
0.00517339	300
0.00103115	300
-0.000315246	300
0.19	339.701
0.372326	300
0.37254	300
0.279387	300
0.285712	300
0.281491	300
0.278462	300
0.275123	300
0.271814	300
0.276672	300
0.279392	300
0.30837	300
0.307092	300
0.38	300
0.378385	300
0.38	300
0.379245	300
0.372493	300
0.38	300
0.375615	300
0.372215	300
0.38	300
0.376526	300
0.377557	300
0.38	300
0.372311	300
-0.00496642	300.001
-0.00316591	300.002
-0.005594	300.001
-0.00314403	300.003
0.000176727	300.004
0.0818678	300.005
0.0813131	300.004
0.0841609	300.002
0.0784536	300.006
0.0708493	300.013
0.0798237	300.007
0.0753112	300.009
-0.0563675	300
-0.058688	300
-0.0538663	300
0.0426768	300.058
0.0506573	300.049
0.0373332	300.05
0.0444733	300.065
-0.129089	300
-0.0742395	300
-0.0776956	300
-0.0744061	300
-0.0725864	300
-0.0561928	300
-0.0440266	300
-0.0502118	300
-0.0496405	300
-0.0427768	300
-0.0437044	300
-0.0462324	300
0.148471	312.254
0.176469	300
0.175876	300
0.176298	300
0.175606	300
0.176805	300
0.173771	300
0.172633	300
0.269554	300
0.266359	300
0.246398	300
0.246598	300
0.246212	300
0.25397	300
0.252251	300
0.250551	300
-0.00306638	300
-0.00793348	300
-0.00525833	300
-0.0113025	300
-0.00405968	300
-0.011533	300
-0.0064012	300
0.04	339.721
0.38	300
0.38	300
0.379897	300
0.372071	300
0.28754	300
0.286935	300
0.290459	300
0.294473	300
0.288191	300
0.195522	303.409
0.0523415	300
0.0548846	300
0.119887	300.034
0.116265	300.032
0.371716	300
0.371717	300
0.372011	300
0.375264	300
0.38	300
0.372229	300
0.304013	300
0.303506	300
0.335631	300
0.333719	300
0.334991	300
-0.182142	300
-0.136835	300
-0.144751	300
-0.135321	300
-0.137141	300
-0.130428	300
-0.133624	300
0.372001	300
0.371948	300
0.373277	300
0.371945	300
0.38	300
0.344945	300
0.342536	300
0.347147	300
0.342002	300
0.340587	300
0.33358	300
0.341639	300
0.270371	300
0.27218	300
0.274118	300
0.271547	300
0.273863	300
0.272655	300
0.347884	300
-0.182288	300
-0.186492	300
-0.19	300
-0.182211	300
0.32581	300
0.326705	300
0.325034	300
0.319939	300
0.324046	300
0.318792	300
0.323773	300
0.373819	300
0.373974	300
0.38	300
0.373611	300
0.37364	300
0.372027	300
-0.189908	300
-0.18166	300
-0.181319	300
-0.19	300
0.259273	300
0.26333	300
0.25951	300
0.259384	300
0.257649	300
0.259411	300
0.0562063	307.293
0.0625618	308.012
0.0345609	304.854
0.025188	303.442
0.110943	305.706
0.103713	304.727
0.12447	300
0.13161	300
0.0786357	307.796
0.085326	307.346
0.0906708	307.646
0.0880093	305.307
0.0728658	305.679
0.0677243	303.752
0.0225385	300
0.0147279	300
0.0207176	300
0.0244718	300
0.0277176	300
0.0293843	300
0.0200872	300
0.0228016	300
0.167287	300
0.15813	300
0.171921	300
0.186825	300
0.194739	300
0.176208	300
-0.0443265	300
-0.0502652	300
0.0549074	300.047
0.0519603	300.047
0.0477205	300.053
0.0519145	300.049
-0.040702	300
-0.0340923	300
-0.0346829	300
-0.0352299	300
-0.031678	300
0.0263688	300.038
0.0259534	300.036
0.0104486	300.016
0.0160051	300.022
0.0121442	300.011
0.38	300
0.38	300
0.379253	300
0.376953	300
0.373358	300
0.370473	300
0.369681	300
0.372291	300
0.372065	300
0.37488	300
0.369143	300
0.0390824	300
0.0390853	300
0.0352838	300
0.0319636	300
0.0391087	300
0.055988	303.509
0.00414681	302.455
0.0088914	303.33
0.00390081	306.738
0.163514	307.267
0.167947	308.592
0.197259	302.959
0.196634	303.01
0.0463685	300
-0.18124	300
-0.19	300
-0.184114	300
-0.18895	300
-0.0705787	300
-0.180033	300
-0.182434	300
-0.181076	300
-0.182364	300
-0.103355	300
-0.107587	300
-0.0988328	300
-0.0932319	300
-0.093293	300
-0.0938707	300
-0.104212	300
-0.097912	300
-0.0938816	300
-0.0942748	300
0.217718	300
0.221659	300
0.219923	300
0.219808	300
0.214069	300
0.22952	300
0.110227	300.012
0.10386	300.006
0.101151	300.006
0.0958402	300.002
0.167197	300.05
0.171637	300.046
0.171756	300.043
0.125441	304.776
0.145929	304.686
0.366244	300
0.105402	307.608
-0.180005	300
-0.177803	300
-0.173934	300
0.38	300
0.373778	300
0.375246	300
0.373718	300
0.368998	300
0.365729	300
0.374382	300
0.375006	300
0.370926	300
0.134349	302.898
0.135113	302.7
0.135171	305.209
-0.181792	300
0.147364	302.527
-0.103479	300
0.254224	300
-0.135394	300
-0.136929	300
0.371794	300
0.375825	300
0.37222	300
-0.134676	300
0.0509956	303.353
0.0455916	303.243
0.0558613	302.916
0.372172	300
-0.178686	300
-0.179249	300
-0.181176	300
-0.179204	300
-0.179636	300
0.369789	300
0.354326	300
0.354687	300
0.365432	300
0.365384	300
0.364253	300
0.36842	300
0.371931	300
0.158525	300.071
0.0949824	300.002
0.229735	300
0.134266	300.052
-0.188772	300
-0.182416	300
-0.0930679	300
-0.0899839	300
-0.0884397	300
-0.133458	300
-0.130902	300
-0.124131	300
-0.11325	300
-0.122549	300
-0.182183	300
-0.181433	300
-0.187317	300
-0.181673	300
-0.178931	300
-0.179695	300
0.04748	300
0.0559688	300
0.0570654	300
0.0581419	300
0.157544	300
0.157074	300
0.148147	300
0.14949	300
0.149635	300
0.139584	300
0.139916	300
0.0784862	304.006
0.080419	304.065
0.0716453	300
0.0737663	300
0.0757885	300
0.0745923	300
0.183935	302.364
0.278154	300
0.272296	300
0.268403	300
0.370333	300
0.369973	300
0.378559	300
0.38	300
-0.000939289	300.005
-0.00405004	300.002
0.00619872	300.007
0.00393591	300.005
-0.0537303	300
-0.051203	300
-0.0632735	300
-0.0677996	300
-0.0657324	300
-0.0662997	300
-0.0536673	300
0.246034	300
0.242806	300
0.240124	300
0.237302	300
0.234649	300
0.219193	300
0.211021	300
0.0650378	308.58
0.367404	300
0.373024	300
0.365086	300
0.19678	302.959
0.197783	301.917
0.0564954	300
-0.154281	300
-0.152351	300
-0.15768	300
-0.152353	300
-0.151772	300
-0.150833	300
0.305012	300
0.322542	300
0.311692	300
0.314637	300
0.318108	300
0.317427	300
-0.187954	300
-0.19	300
0.364953	300
0.363965	300
-0.180912	300
-0.175267	300
0.346077	300
0.315535	300
0.362125	300
0.362693	300
0.361918	300
0.362976	300
0.369518	300
0.196977	302.889
0.196126	302.166
0.190148	303.58
0.188376	304.51
0.18934	305.824
0.18923	303.941
0.119497	300.03
0.102685	300.006
-0.153684	300
-0.158531	300
0.0546974	300
0.066444	300
0.0684215	300
0.0680571	300
0.0662127	300
0.205783	300.159
0.202332	301.737
0.199514	302.336
0.202081	301.209
0.196858	301.801
0.367744	300
0.36659	300
0.362684	300
0.362512	300
0.36251	300
0.0818961	300
0.0786057	300
0.0809565	300
0.081747	300
0.076713	300
0.120035	300.496
0.124204	300.418
0.123691	303.381
0.117791	304.138
0.0747088	308.394
0.0665315	308.685
0.0685286	303.158
0.0662805	307.177
0.0720474	306.298
0.246408	300
0.219049	300
0.213187	300
0.204933	300
0.203346	300
0.197928	300
0.206764	300
0.191198	300
0.152929	305.696
0.152588	309.838
0.157529	307.106
-0.0441462	300
-0.0479899	300
-0.0663078	300
-0.052226	300
-0.0442882	300
-0.063919	300
-0.0632404	300
-0.000168721	300.003
0.000630715	300.003
0.0010274	300.003
0.133912	300
0.137353	300
0.279732	300
0.284948	300
0.179199	302.496
0.174121	302.463
0.168727	302.483
0.189555	300.754
0.192872	300.554
0.0854537	301.413
0.0881239	300.079
0.0884931	300.879
0.071297	303.97
0.0773459	303.454
0.291309	300
0.297894	300
0.302712	300
0.302858	300
0.292426	300
0.15559	300
0.149731	300
0.150301	300
0.151479	300
0.130675	300
0.128035	300
-0.182101	300
-0.178417	300
-0.180379	300
-0.177869	300
-0.173339	300
-0.17723	300
-0.173028	300
-0.177489	300
-0.129347	300
-0.123317	300
-0.119056	300
-0.0796213	300
-0.0875895	300
-0.0847259	300
-0.0792263	300
-0.178177	300
0.118384	300.04
0.125812	300.039
0.124987	300.036
0.127047	300.039
0.126445	300.039
0.134862	300.057
0.143713	300.073
0.204992	300
0.371003	300
0.359401	300
0.354273	300
0.362785	300
0.0406082	301.033
0.0408858	302.101
-0.140942	300
0.365137	300
0.363871	300
0.36292	300
0.361841	300
-0.178751	300
-0.178706	300
-0.175349	300
-0.172783	300
0.324466	300
0.317857	300
0.128355	304.638
0.125309	303.458
0.124035	305.306
0.126019	304.721
0.122952	303.575
-0.15181	300
-0.156723	300
0.263856	300
0.255619	300
0.252533	300
0.246488	300
-0.174443	300
-0.174963	300
-0.173465	300
-0.105092	300
-0.108375	300
0.307997	300
0.157114	300.968
0.166375	304.229
0.157062	300.696
-0.16358	300
-0.160694	300
0.0234596	304.816
0.0298964	308.726
0.0355093	302.144
0.0349018	301.184
0.0333955	300.934
0.03255	308.765
0.0381015	310.042
0.024531	304.956
-0.175207	300
-0.175344	300
-0.181879	300
-0.172951	300
-0.174266	300
-0.178973	300
0.362755	300
0.338101	300
0.102022	307.104
0.0959489	307.173
0.11379	304.415
0.116517	308.43
0.109064	307.447
0.139028	300.915
0.14255	304.247
0.136558	304.243
0.114428	305.943
0.197165	300.002
0.20061	300.002
-0.108411	300
-0.177299	300
-0.17863	300
-0.173401	300
-0.174899	300
-0.00707289	302.125
-0.00695248	302.116
-0.000196039	305.764
-0.185726	300
-0.182337	300
-0.181488	300
-0.178572	300
-0.180901	300
-0.179458	300
-0.174542	300
-0.173747	300
0.0375635	300
0.00928492	306.425
0.0128375	307.013
0.205503	300.178
0.196511	300.525
0.370931	300
0.364362	300
0.362845	300
0.365779	300
0.366215	300
0.366763	300
0.362735	300
0.36284	300
-0.0150799	300
-0.00865093	300.001
0.01987	300.03
0.0247615	300.051
0.0578451	300.049
0.067232	300.014
0.0694763	300.013
0.0758336	300.007
-0.0253953	300
-0.0259898	300
-0.025161	300
-0.0240168	300
-0.0258121	300
0.205519	300
0.204896	300
0.222612	300
0.169941	300
0.170958	300
0.159885	300
0.168609	300
0.0205308	300
0.0135158	300
0.0347172	303.294
0.0155113	300.595
0.0159905	302.353
0.0653652	303.829
0.0599704	303.826
0.0932206	304.977
0.100197	304.591
0.11828	300
0.118599	300
0.118828	300
0.118149	300
0.0918036	300
0.0917961	300
0.0903086	300
0.09409	300
0.0921661	300
0.0922631	300
0.100119	300
0.0367461	305.193
0.0385718	305.228
0.0989944	300
0.0921116	300
0.0911181	300
0.0919264	300
0.0912491	300
0.0915639	300
0.0910118	300
0.110699	300
0.117463	300
0.107795	300
0.101676	300
0.110173	300
0.0897648	300.067
0.0960649	301.096
0.0954141	300.086
0.0792674	304
0.0336376	300.04
0.004213	300
0.0233341	300
0.0131574	300
0.00487695	300
0.259514	300
0.265081	300
0.283223	300
0.157592	300
0.159064	300
0.2275	300
0.220135	300
0.225436	300
0.205465	300
-0.0167407	300
-0.0253855	300
-0.0253909	300
0.0835375	300.001
0.0838039	300.001
0.0839652	300.001
0.0553995	300.086
0.0515485	300.079
0.0189417	300.024
0.0159559	300.019
0.0352308	300.038
0.0355652	300.04
0.035416	300.04
0.0359922	300.039
0.185945	300
0.187475	300
0.176724	300
0.174277	300
0.182729	300
0.363167	300
0.364205	300
0.361478	300
0.357766	300
0.367846	300
0.370038	300
0.365059	300
0.364575	300
0.370906	300
0.206696	300.067
0.206784	300.061
0.20665	300.062
-0.0130016	300
0.0748097	300.024
0.085675	300.048
0.019512	305.2
0.0128277	305.134
0.0420862	300
0.0416671	300
0.0429913	300
0.0454187	300
0.0308127	300
0.0310249	300
0.0311935	300
0.0317853	300
0.030113	300
-0.181094	300
-0.173025	300
-0.175547	300
-0.171297	300
-0.171073	300
-0.100241	300
-0.0943392	300
-0.0947184	300
-0.106719	300
-0.109809	300
0.190411	300.003
0.19396	300.002
0.192307	300.003
0.195211	300.002
0.189027	300.003
0.146916	303.606
0.143919	300.097
0.128043	303.324
0.130251	300.318
0.135191	300.269
0.132968	303.17
0.114572	301.902
0.0880817	303.768
0.0907053	304.019
0.33994	300
0.335206	300
0.327067	300
0.343617	300
0.347227	300
0.345676	300
0.353012	300
0.347903	300
0.329074	300
0.341424	300
-0.0132091	300
0.000103899	300.003
0.363049	300
0.370516	300
0.366381	300
0.364578	300
0.367611	300
0.364485	300
0.361153	300
0.355811	300
0.362258	300
-0.173123	300
-0.171411	300
0.0236127	304.695
0.0226647	304.89
0.0398748	301.775
0.0320697	300.296
0.0320996	300.475
0.0397847	304.241
0.039186	308.97
0.0773879	301.601
0.0883265	301.856
0.078342	301.56
0.0778316	301.611
0.0900905	301.945
0.297125	300
-0.158321	300
-0.177889	300
-0.167258	300
-0.170422	300
-0.170208	300
0.143191	302.948
0.136391	300.839
0.151301	301.392
0.160328	300.987
0.160258	301.67
0.16579	303.019
0.16633	301.542
0.158162	302.706
0.158765	302.764
0.158081	302.309
0.15843	302.567
0.158085	302.561
0.309396	300
0.313977	300
0.317577	300
0.322743	300
0.317614	300
-0.0921764	300
-0.0915592	300
-0.11426	300
-0.107722	300
-0.120183	300
-0.114085	300
-0.173442	300
-0.173468	300
-0.181334	300
-0.173434	300
-0.170483	300
-0.170151	300
-0.180142	300
-0.1779	300
-0.172002	300
0.360003	300
0.23029	300
0.24246	300
0.237067	300
0.235642	300
0.264086	300
0.267136	300
0.270079	300
-0.155093	300
-0.14631	300
-0.144634	300
-0.147922	300
-0.153197	300
-0.146447	300
0.369083	300
0.367159	300
0.364702	300
0.36722	300
0.361569	300
0.361215	300
0.360731	300
0.364017	300
0.360021	300
0.327565	300
0.328324	300
0.332019	300
0.328829	300
0.315697	300
-0.172815	300
0.363638	300
-0.147679	300
-0.134198	300
-0.139186	300
-0.132414	300
-0.124744	300
0.0314819	300.262
0.0332676	300.599
0.363475	300
0.354535	300
0.352285	300
0.348101	300
0.347663	300
0.180292	300.019
0.177505	300.022
0.17359	300.048
0.166483	300.056
0.160532	300.063
0.169337	300.058
0.186404	300.007
0.183327	300.008
0.14594	300.134
0.14375	300.073
0.138403	300.057
0.152907	300.088
0.156192	300.09
0.229432	300
0.220747	300
0.126247	300.039
0.133915	300.056
-0.0187453	300
-0.014387	300
-0.181767	300
-0.0736707	300
-0.0639575	300
-0.0778137	300
-0.0973258	300
-0.104866	300
-0.0957588	300
-0.174971	300
-0.181741	300
-0.176774	300
-0.175776	300
-0.174821	300
-0.17378	300
0.133968	300
0.142767	300
0.136774	300
0.149909	300
0.148825	300
0.362774	300
0.283508	300
0.28799	300
0.0425683	300
0.191955	300.484
0.172842	300.052
0.172891	300.012
0.172842	300.012
0.17294	300.049
-0.0536831	300
-0.0634482	300
-0.0487152	300
-0.0392324	300
-0.0369417	300
-0.0345742	300
-0.0653641	300
-0.0430332	300
-0.0348019	300
-0.0375199	300
-0.042255	300
-0.0347385	300
0.213527	300
0.207948	300
0.215766	300
0.20674	300
0.245828	300
0.234792	300
0.234016	300
0.258572	300
0.252237	300
0.251229	300
0.252426	300
-0.00375447	300.439
-0.00637835	300.65
-0.00176799	300.953
0.0649102	308.26
0.112029	300.122
0.112093	301.851
0.10903	301.789
0.121701	300.217
0.114812	300.065
0.0809248	300
0.200964	301.58
0.200836	302.294
0.204989	300.156
0.205375	300.154
0.067251	300
0.054469	300
0.0581952	300
0.0565901	300
-0.142094	300
0.111198	300.012
0.111724	300.023
0.109298	300.02
0.106771	300.007
0.107191	300.007
0.18959	303.498
0.362023	300
0.353296	300
0.34763	300
0.366517	300
0.371731	300
-0.177553	300
-0.175356	300
-0.172932	300
-0.169888	300
-0.172441	300
-0.175655	300
-0.161082	300
-0.170786	300
-0.14253	300
0.349275	300
0.354732	300
0.354561	300
0.358017	300
0.355474	300
0.361498	300
0.201872	301.251
0.20499	300.147
0.188885	303.724
0.116576	300.028
0.124517	300.036
0.0995217	300.005
0.0953645	300.002
0.0958297	300.003
0.0847069	300.001
-0.14462	300
-0.138743	300
-0.13538	300
0.0559282	300
0.0662585	300
0.0438008	300
0.0500976	300
0.0463868	300
0.0722969	300
0.074418	300
0.0758306	300
0.20966	300.06
0.0911301	300
0.0821391	300
0.0774898	300
0.11141	300.08
0.112497	300.001
0.120284	300.001
0.110719	300.102
0.077606	301.541
-0.0109141	300.331
0.0066277	300.014
0.0105829	300.005
0.00585733	300.009
0.00829664	301.919
0.00504302	301.205
-0.0104002	300.006
-0.00305506	300.241
0.00270108	300.01
0.251363	300
0.24646	300
0.244482	300
0.264729	300
0.264016	300
0.256098	300
0.259419	300
0.263424	300
0.231015	300
0.235548	300
0.233745	300
0.237709	300
0.216265	300
0.214557	300
0.218105	300
0.202599	300
0.194514	300
0.196389	300
0.192332	300
0.190577	300
0.199753	300
0.197563	300
-0.0332281	300
-0.0598739	300
-0.0614828	300
-0.0586312	300
0.131635	300
0.127164	300
0.134926	300
0.15708	300
0.15179	300
0.304964	300
0.300508	300
0.206833	300.058
0.18573	300.004
0.18503	300.181
0.184636	300.004
0.173501	300.011
0.183648	300.179
0.172874	300.011
0.172726	300.012
0.164455	303.753
0.164788	300.618
0.200709	300.286
0.201742	300.008
0.206731	300.057
0.195635	300.412
0.0315463	300
0.0382224	300
0.031063	300
0.033105	300
0.272875	300
0.273967	300
0.278945	300
0.280605	300
0.294907	300
0.302941	300
0.356681	300
0.146949	300
-0.173942	300
-0.170268	300
-0.16444	300
-0.171867	300
-0.174696	300
-0.176919	300
-0.162753	300
-0.169489	300
-0.163409	300
-0.169365	300
-0.166615	300
-0.17055	300
-0.163711	300
-0.176258	300
-0.166917	300
-0.168158	300
-0.118854	300
-0.105049	300
-0.0990162	300
-0.122778	300
-0.120159	300
-0.12097	300
-0.121942	300
0.142005	300.066
0.139692	300.048
0.128673	300.045
0.138924	300.044
0.12195	300.034
0.117259	300.092
0.246145	300
0.238042	300
0.212569	300
0.212424	300
0.21259	300
0.212672	300
0.212892	300
0.175146	300.024
0.177118	300.022
0.17297	300.027
0.16993	300.034
0.180165	300.011
0.177561	300.015
0.350513	300
0.343137	300
0.0314583	300.263
-0.153438	300
-0.151933	300
-0.1561	300
0.363485	300
0.366773	300
0.362628	300
0.363225	300
0.353955	300
0.35634	300
0.352526	300
0.304092	300
0.313893	300
0.306393	300
0.307815	300
0.3127	300
0.316085	300
0.322306	300
0.3167	300
0.33001	300
0.144786	300.718
0.123624	302.751
0.35829	300
0.0515167	303.201
0.0547959	301.135
0.0465041	300.875
0.0576865	301.283
0.0595993	302.514
0.0614516	301.653
-0.158756	300
-0.149388	300
-0.158471	300
0.265243	300
-0.173021	300
-0.10359	300
0.288074	300
0.292354	300
0.295134	300
0.296537	300
0.291828	300
0.165946	301.42
0.133314	302.893
0.0985617	301.269
0.098329	301.245
0.0776791	301.549
0.0754941	307.701
0.0233758	301.089
0.0220029	301.339
0.0233569	302.925
0.02409	301.034
0.0239755	300.854
0.032966	303.377
0.0327698	303.261
0.0330134	302.922
0.0331727	303.231
0.0305332	302.703
0.0226511	304.607
0.0155379	302.891
-0.159743	300
0.356396	300
0.000775117	300.003
0.0110653	305.403
0.33145	300
0.331083	300
0.337538	300
0.139835	300.069
0.154896	302.891
0.154406	302.902
0.154346	302.751
0.155735	302.82
0.203413	300
0.201281	300.001
-0.0729295	300
-0.0747009	300
-0.170465	300
-0.171211	300
-0.164019	300
-0.0167878	300.107
-0.0160949	300.128
-0.0145384	300.67
0.0452817	300
0.0336259	300
0.0053502	302.552
0.00104421	301.513
0.00386008	305.11
0.00982066	302.752
0.116614	300
0.118339	300
0.123495	300
0.0881167	300.054
0.0667744	300.001
0.0761516	300.008
0.0012655	300
-0.00393659	300
0.000468946	300
0.214535	300.003
0.360329	300
0.360189	300
0.35446	300
0.360051	300
0.361627	300
0.359201	300
0.360477	300
0.359224	300
0.0462665	300.035
0.0474935	300.041
0.0461004	300.038
-0.0851833	300
-0.0810565	300
-0.0789588	300
-0.0919691	300
0.242333	300
0.242471	300
0.240018	300
0.277068	300
0.273332	300
0.27579	300
0.274183	300
0.0325904	300
0.0156039	300
0.0143324	300
0.0146321	300
0.0137643	300
0.0124437	300
0.0456833	300.381
0.0475427	301.565
0.0427523	303.095
0.103448	300
0.0923305	300
0.037635	305.024
0.0967481	300.082
0.00342047	300
-0.00150078	300
-0.00414437	300
0.0140308	300
0.0038356	300
0.288213	300
0.272475	300
0.265006	300
-0.0935197	300
-0.0904482	300
-0.0848077	300
-0.0841459	300
-0.0846958	300
-0.0837844	300
-0.0172617	300.098
-0.0369172	300
0.163916	300
0.169764	300
0.350954	300
0.361518	300
0.358901	300
0.351851	300
0.346385	300
0.346659	300
0.346778	300
0.346628	300
0.353421	300
0.347184	300
0.354337	300
0.362226	300
0.351483	300
0.360172	300
0.359209	300
0.352243	300
-0.00402792	300
-0.0105656	300
-0.00704692	300
-0.0113637	300
0.089587	300.05
0.0975027	300
0.0748552	300
0.0647425	300.001
0.0761284	300
0.0851342	300.001
0.0783697	300.007
0.0928918	300
0.0800105	303.707
0.253871	300
0.262451	300
0.120735	300
0.1203	300
0.00702661	301.274
0.0178502	300.941
0.00929164	301.131
0.0471839	300
-0.0635274	300
-0.0829655	300
-0.0814271	300
-0.0815468	300
-0.0804052	300
-0.0809954	300
-0.0260394	300.004
-0.0227467	300.052
-0.0172085	300.069
-0.0156354	300.151
-0.00576215	301.186
-0.0166414	300.081
-0.010899	302.111
-0.164979	300
-0.166679	300
-0.16109	300
-0.162253	300
-0.166997	300
-0.163902	300
-0.0934778	300
-0.0995384	300
-0.101317	300
-0.0999382	300
-0.0986705	300
-0.108971	300
0.212967	300
0.212629	300
0.209871	300
0.130429	303.552
0.13126	302.286
0.126367	301.127
0.146799	300.019
0.150157	300.042
0.161602	300.039
0.153545	300.021
0.155051	302.79
0.131146	300.001
0.132064	300.001
0.13092	300.022
0.128025	300.001
0.133189	300.028
0.0985759	301.232
0.326681	300
0.323343	300
0.322953	300
0.321187	300
0.332771	300
-0.0151342	300
-0.0218253	300
0.0144276	300.02
0.00947031	300.009
0.00137157	300.003
0.345309	300
0.345232	300
0.350786	300
0.352108	300
0.345011	300
0.345856	300
0.35497	300
-0.165947	300
-0.16966	300
-0.164883	300
-0.156835	300
-0.16231	300
0.0985166	301.23
0.0778039	301.542
0.105946	305.174
0.108621	302.098
0.0986968	301.236
0.105811	302.449
0.106056	301.18
0.089302	301.377
0.0888327	300.421
-0.167427	300
0.189509	300.978
0.185998	302.311
-0.116112	300
-0.112524	300
-0.107443	300
-0.173032	300
-0.167074	300
-0.162085	300
-0.156723	300
0.276175	300
0.272107	300
0.275588	300
-0.147729	300
-0.155254	300
-0.160685	300
-0.168911	300
-0.165058	300
0.0331256	300.244
0.0327368	300.608
0.0296098	300.503
0.358249	300
0.350966	300
0.35149	300
0.358132	300
0.0841192	300.001
0.0945124	300.002
0.0878336	300.002
0.142992	300.199
0.142012	300.172
0.139068	300.537
0.32824	300
0.305339	300
0.303175	300
0.313238	300
0.297293	300
0.352663	300
0.358941	300
0.352446	300
0.35357	300
0.346032	300
0.35211	300
0.170792	300.05
0.164312	300.048
0.169334	300.033
0.164104	300.05
0.163759	300.059
0.163543	300.057
0.14123	300.075
0.162712	300.054
0.157207	300.072
0.15878	300.083
0.149244	300.092
0.143076	300.056
0.119265	300.038
0.125761	300.052
-0.135676	300
-0.138017	300
-0.135563	300
-0.132424	300
-0.124825	300
-0.123862	300
-0.128058	300
-0.127581	300
-0.167132	300
-0.154351	300
-0.160235	300
-0.160838	300
-0.157799	300
-0.162196	300
-0.155404	300
-0.161588	300
-0.158395	300
-0.166155	300
-0.167335	300
-0.170964	300
-0.162572	300
-0.160231	300
-0.161845	300
-0.172943	300
-0.180318	300
-0.171609	300
-0.180061	300
-0.171527	300
-0.163757	300
-0.163692	300
0.350393	300
0.361268	300
0.350735	300
0.361299	300
0.350835	300
0.349439	300
0.206809	300.058
0.183994	300.004
0.177367	300
0.360893	300
0.351504	300
0.354172	300
0.351553	300
0.357706	300
0.363835	300
0.355153	300
0.359796	300
0.133073	300
-0.00626648	300.001
-0.00787732	300.001
-0.00766895	300.001
0.0235603	300.028
0.0330712	300.08
0.0354167	300.039
0.0331633	300.035
0.0243338	300.028
0.0222896	300.027
-0.0425847	300
-0.0578119	300
-0.0608013	300
-0.070398	300
-0.0325749	300
-0.0264616	300
-0.028507	300
-0.0236954	300
0.216291	300
0.243605	300
0.20298	300
0.202512	300
0.203126	300
0.179791	300
0.181419	300
0.183608	300
0.177856	300
0.231882	300
0.224897	300
0.00972335	300
0.00578514	300
0.102913	303.694
0.103786	300.072
0.0986511	300.075
0.0995754	300.011
0.119096	300.001
0.114847	300.001
0.116927	300
0.0990601	300
0.0757726	300
0.101359	300
0.0989909	300
0.102537	300
0.213965	300.014
0.206937	300.089
0.0919965	300.001
0.0890293	300.001
0.0896129	300.001
0.0882808	300.001
0.10185	300.008
0.107611	300.01
0.1112	300.013
-0.1654	300
-0.1647	300
-0.161369	300
-0.160424	300
-0.167448	300
-0.161546	300
-0.169734	300
-0.170398	300
-0.157791	300
-0.164438	300
-0.159932	300
-0.157735	300
-0.157714	300
-0.154922	300
0.105621	300.011
0.0837146	300.001
0.0856952	300.001
0.0146783	300
0.0172211	300
0.0171617	300
0.0195565	300
0.038441	300
0.190613	303.264
0.203737	300.156
0.0673672	300
0.0722651	300
0.0690999	300
0.0675556	300
0.0672697	300
0.087347	300
0.122534	300.001
0.100218	300
0.107831	300.001
0.105255	300.065
0.13056	300.001
0.119539	300
0.126963	300
0.115729	300
0.0146608	300
-0.00556342	300.002
-0.00581852	300
-0.00486643	300
0.00110886	300
0.00756478	300
0.0184395	300
-0.00790445	300
-0.0149495	300.003
0.202734	300
0.236531	300
0.236243	300
0.213521	300
0.190194	300
0.201657	300
0.191567	300
0.184776	300
-0.0303566	300
-0.0272861	300
-0.0360258	300
-0.0389151	300
-0.0377501	300
-0.0440428	300
-0.0409117	300
-0.0664965	300
-0.0592966	300
-0.0643324	300
-0.0560558	300
0.0234428	300.028
-0.0177277	300
-0.00779041	300.001
-0.00769264	300.001
0.00676928	300.007
0.0085867	300.009
0.00677451	300.007
0.0209688	300.046
0.00657535	300.007
0.00525602	300.006
0.00645723	300.006
0.00644505	300.006
0.00655043	300.007
0.136299	300
0.341298	300
0.339606	300
0.342379	300
0.350429	300
0.163949	300.027
0.157185	300.015
0.167968	300
0.206888	300.058
0.162451	300
0.344663	300
0.346082	300
-0.158373	300
-0.160029	300
-0.158664	300
-0.164814	300
-0.15837	300
-0.164098	300
-0.150577	300
-0.152669	300
-0.151756	300
-0.153995	300
-0.151265	300
-0.155758	300
-0.153699	300
-0.151841	300
-0.156268	300
-0.153364	300
-0.159962	300
-0.163234	300
-0.161879	300
-0.12643	300
-0.128196	300
-0.138504	300
-0.136566	300
-0.136815	300
-0.125854	300
-0.113841	300
-0.0930743	300
-0.122117	300
-0.123559	300
-0.132334	300
0.123124	300.054
0.141854	300.059
0.132021	300.041
0.132741	300.038
0.134511	300.079
0.135893	300.058
0.152971	300.094
0.236893	300
0.238693	300
0.179532	300.012
0.255537	300
0.34919	300
0.342511	300
0.337626	300
0.305205	300
0.29224	300
0.317979	300
0.327605	300
0.142686	300.182
0.148654	300.84
0.077744	301.496
0.0819628	300.213
0.0226546	300.914
0.0295847	300.382
0.0243601	300.776
0.0213996	301.055
0.0386403	300.233
0.0341135	300.376
0.0293033	300.347
-0.148028	300
-0.157376	300
-0.157756	300
-0.102652	300
0.18885	300.713
0.17861	300.861
-0.0524686	300
-0.0629954	300
-0.0504175	300
0.316034	300
0.0986014	301.229
-0.148635	300
-0.153408	300
-0.151202	300
-0.148675	300
0.338654	300
0.332862	300
0.340247	300
0.358955	300
-0.0282911	300
-0.0317943	300
-0.0247196	300
0.321668	300
0.329658	300
0.311574	300
0.311391	300
0.300347	300
0.309967	300
0.311056	300
0.311041	300
0.33469	300
0.340997	300
0.288241	300
0.296732	300
0.293194	300
0.140871	300.027
0.143897	300.008
0.140926	300
0.138869	300
0.203486	300.001
0.209823	300
0.214782	300
0.252615	300
-0.113395	300
-0.112313	300
-0.112921	300
-0.113581	300
-0.116205	300
-0.157845	300
-0.0102691	300.298
-0.0112238	300.241
-0.0103784	300.328
-0.0112321	300.275
-0.0222448	300.032
-0.0191636	300.043
-0.0194424	300.035
-0.0213985	300.036
-0.0174966	300.051
0.00505908	300.97
-0.00463356	300.776
0.00793637	301.117
-0.0147354	300.076
-0.0291092	300.002
-0.0709856	300
-0.0688457	300
0.224732	300
0.103415	300
0.112442	300
0.0639116	300.001
0.0734613	300
0.0527559	300.001
0.199147	300
0.19886	300
0.198045	300
0.197204	300.138
0.192997	300.002
0.186053	300.004
0.191911	300
0.225542	300
0.349464	300
0.345206	300
0.340131	300
0.342278	300
0.344181	300
0.346776	300
0.351336	300
0.359552	300
0.346265	300
0.338988	300
0.340753	300
0.0488757	300.023
0.0523759	300.032
-0.0840777	300
0.275968	300
0.276152	300
0.282799	300
0.282374	300
0.28292	300
-0.00694242	300
0.0524186	300.001
0.120336	300
0.1113	300
0.120515	300
0.120695	300
0.105824	300
0.107387	300
0.120225	300
0.126851	300
0.120787	300
0.025399	300
-0.0148061	300
-0.0116501	300
-0.0144068	300
-0.0201266	300
-0.00988538	300
-0.00187903	300
-0.0756466	300
-0.0834831	300
-0.071213	300
-0.0701433	300
-0.0830688	300
-0.0849805	300
-0.0765846	300
-0.0857905	300
0.346871	300
0.340495	300
0.346851	300
0.357848	300
0.344411	300
0.339273	300
0.334251	300
0.34525	300
0.341325	300
0.343625	300
0.347731	300
0.327526	300
0.331955	300
0.232311	300
0.233728	300
0.225374	300
0.216507	300.003
0.206964	300.058
0.217749	300
0.214747	300
0.212109	300
0.209318	300.003
0.202842	300
0.211314	300
0.0606067	300
0.0746192	300
0.062375	300
0.140926	300
0.116917	300
0.124116	300
0.101446	300
0.231866	300
0.0327667	300
0.0210577	300
0.0199671	300
0.0342774	300
-0.14935	300
-0.148844	300
-0.149201	300
-0.0809437	300
-0.0713132	300
-0.0168806	300.051
-0.0044026	300.32
-0.1477	300
-0.159648	300
-0.148195	300
-0.118072	300
0.260695	300
0.255727	300
0.252872	300
0.268466	300
0.142163	300
0.15192	300.019
0.157157	300
0.152425	300
0.306602	300
0.304986	300
0.304624	300
0.30493	300
0.290362	300
0.28869	300
0.285089	300
0.320491	300
0.305328	300
-0.00795999	300.001
-0.0194896	300
-0.0239761	300
-0.0407386	300
-0.037833	300
-0.042022	300
-0.0318225	300
0.332599	300
0.340183	300
0.345347	300
-0.14891	300
-0.137848	300
-0.130395	300
-0.143362	300
-0.146503	300
0.0192292	301.018
0.0210499	301.057
0.00876216	301.053
0.108696	300.155
0.108634	300.089
0.10944	300.5
0.0991954	301.168
0.310009	300
0.315371	300
0.117056	300.009
0.176576	300.952
0.167993	301.538
-0.0831122	300
-0.0891246	300
-0.094199	300
-0.101068	300
-0.0903806	300
-0.110566	300
-0.114853	300
-0.111694	300
-0.121357	300
-0.114753	300
-0.157219	300
-0.157823	300
-0.156846	300
0.284999	300
0.289917	300
0.287299	300
0.279573	300
0.305082	300
-0.134209	300
0.0450598	300.273
0.0503943	301.192
0.0366589	300.17
0.0423682	300.198
0.143114	300.147
0.14148	300.123
0.131253	300.078
0.295114	300
0.243007	300
0.245213	300
0.246766	300
0.246032	300
0.266465	300
0.265941	300
0.265844	300
0.26933	300
0.132005	300.052
0.133913	300.044
0.10726	300.009
0.115291	300.036
-0.09245	300
-0.0994025	300
-0.127036	300
-0.139934	300
-0.157592	300
-0.15055	300
-0.153183	300
-0.152713	300
-0.149553	300
-0.159981	300
-0.152989	300
0.344738	300
0.345049	300
0.339541	300
0.341743	300
0.171227	300
0.171703	300
0.172156	300
0.345176	300
0.347453	300
0.341728	300
0.350137	300
0.00655076	300.007
0.0295856	300.037
0.0255136	300.028
0.0338624	300.056
-0.0286578	300
-0.0258499	300
-0.0202952	300
0.203937	300
0.20899	300
0.207133	300
0.208636	300
0.208606	300
0.197842	300
0.236312	300
-0.0185525	300
0.00935507	300
0.01138	300
0.0095442	300
0.0104934	300
0.0101271	300
0.096643	300
0.0794118	300
0.0769583	300
0.0833639	300
0.0830143	300
0.0689444	300
0.0777996	300
0.0762908	300
0.0648258	300
0.072619	300
0.0559517	300
0.0535595	300
0.0648984	300
0.0575751	300
0.0510232	300
0.0889481	300.001
0.0804612	300.001
0.0824586	300.001
0.0940735	300.002
0.0973853	300.002
0.0912745	300.001
0.102635	300.009
0.102958	300.003
-0.153378	300
-0.146038	300
-0.128147	300
-0.159788	300
-0.157656	300
-0.155139	300
-0.142192	300
-0.1433	300
0.0681626	300.027
0.0799954	300.001
0.0737847	300.043
0.110237	300.037
0.115769	300.039
0.105829	300.004
0.211287	300.011
0.0872547	300
0.075478	300
0.0890636	300
0.0598501	300.292
0.0105077	300
0.0232256	300
0.0273221	300
0.0246214	300
0.0282826	300
0.0131408	300
0.0220241	300
0.00267912	300
-0.0051376	300
-0.00421682	300
-0.00210579	300
-0.0223888	300
0.23639	300
0.209634	300
0.201148	300
0.200344	300
0.200247	300
0.200416	300
-0.0266268	300
0.0070506	301.083
-0.021546	300
-0.0173534	300
0.0471446	300.032
0.0509805	300.032
0.0159831	300.037
0.0096883	300.012
-0.00295455	300.002
-0.00453228	300.001
-0.0032917	300.001
0.33844	300
0.345977	300
0.348984	300
0.347326	300
0.351201	300
0.350256	300
0.337484	300
0.342515	300
0.337664	300
0.18805	300
0.185307	300
0.18681	300
0.199468	300
0.188835	300
0.188938	300
0.184945	300
0.185354	300
0.181336	300
0.17321	300
0.172054	300
0.171762	300
0.17188	300
0.182597	300
0.334254	300
0.33621	300
0.330416	300
0.334245	300
0.329406	300
0.332569	300
-0.147826	300
-0.150281	300
-0.141632	300
-0.156989	300
-0.139552	300
-0.142944	300
-0.133836	300
-0.148506	300
-0.14625	300
-0.150934	300
-0.145398	300
-0.144117	300
-0.136293	300
-0.150369	300
-0.146946	300
-0.148959	300
-0.144972	300
-0.0867673	300
-0.0773629	300
-0.105356	300
-0.109796	300
-0.104199	300
-0.100991	300
-0.101915	300
-0.0455099	300
-0.0434699	300
-0.0428946	300
-0.0413198	300
-0.0369511	300
-0.0390437	300
-0.0380075	300
0.118209	300.02
0.114886	300.017
0.13394	300.079
0.134082	300.054
0.142018	300.128
0.151668	300.049
0.209692	300.001
0.149917	300.061
0.151912	300.056
0.151737	300.049
0.264821	300
0.264918	300
0.255051	300
0.25437	300
0.246642	300
0.279646	300
0.283104	300
0.277156	300
0.117138	300.013
0.124096	300.096
0.134742	300.087
0.143047	300.13
0.145205	300.128
0.0732952	300.095
0.023656	300.38
0.0137553	300.558
0.145567	300.146
0.0637466	300.085
0.0571886	300.134
0.057034	300.127
0.0561605	300.122
0.0389704	300.212
-0.143262	300
-0.141562	300
-0.143224	300
-0.144108	300
-0.142702	300
-0.135984	300
-0.128905	300
0.338269	300
0.338887	300
0.172219	300.712
0.168247	300.968
0.115662	300.03
0.328989	300
0.0947582	300.129
0.0957904	300.062
0.0963585	300.145
0.0984302	301.18
-0.0515292	300
-0.0523705	300
-0.0540692	300
-0.0556807	300
0.314131	300
0.271728	300
0.273853	300
0.182371	300.007
0.255901	300
-0.0649514	300
-0.0638425	300
-0.0591921	300
-0.00915253	300.112
-0.0145299	300.035
-0.0603362	300
-0.0553788	300
-0.0555127	300
0.129434	300
0.135708	300
0.138531	300
0.139799	300
0.130865	300
0.0591117	300
0.0527135	300
-0.0642852	300
0.226972	300
0.224746	300
0.226883	300
0.219311	300
0.226297	300
0.325804	300
0.328091	300
0.339609	300
0.337876	300
-0.0323176	300.001
-0.034078	300.001
-0.0317215	300.002
-0.0225689	300.035
-0.0325658	300.001
-0.103618	300
0.0463347	300
0.0485493	300
0.0562189	300
0.052226	300.001
0.0524491	300.001
-0.0468611	300
-0.0407643	300.001
-0.0444746	300
-0.0271705	300.001
-0.0245582	300.015
-0.0262521	300.004
-0.0268431	300.005
0.231297	300
0.241299	300
0.229471	300
0.238932	300
0.224342	300
0.214649	300
-0.0649153	300
-0.0802345	300
-0.0639802	300
-0.018397	300.005
-0.0167953	300.003
-0.021044	300.002
-0.0294672	300
-0.0254386	300
-0.01326	300.005
-0.0278133	300
-0.00957746	300.202
-0.0131403	300.027
0.247081	300
0.248495	300
0.251582	300
0.249335	300
0.251088	300
0.246636	300
0.265311	300
0.215593	300
0.191231	300.006
0.188604	300.005
0.183239	300.006
0.171278	300
0.160125	300
0.275063	300
0.285126	300
0.295461	300
0.304567	300
0.30238	300
0.298626	300
0.294641	300
-0.0498912	300
-0.0409678	300
-0.0454562	300
0.115831	300.006
0.109323	300.007
0.107682	300.065
0.0974007	300.039
0.10356	300.006
0.10407	300.006
0.0951584	300.049
0.132355	300.094
-0.142835	300
-0.139333	300
0.331345	300
0.326137	300
0.332604	300
0.305055	300
0.309959	300
-0.132094	300
0.0574519	300.121
0.0331106	300.222
0.04927	300.188
0.0470202	300.2
0.0536456	300.193
0.15096	300.114
0.154315	300.274
0.158788	300.194
-0.000695463	300.172
0.000157887	300.16
-0.00233951	300.139
0.00177763	300.166
0.0137321	300.544
0.00164053	300.158
0.0193221	301.019
0.139887	300.041
0.13967	300.058
0.139378	300.04
-0.141368	300
-0.1445	300
-0.139133	300
0.177632	300.88
0.19173	300.375
0.185279	300.531
0.134789	300.052
0.151668	300.049
0.117314	300.021
-0.0320418	300
-0.0294096	300
-0.026897	300
-0.0287196	300
-0.0370855	300
-0.0253988	300
-0.0288653	300
-0.0964827	300
-0.0893144	300
-0.134371	300
-0.136931	300
-0.136674	300
-0.147115	300
-0.127134	300
-0.126566	300
-0.132566	300
-0.13978	300
-0.139134	300
-0.135538	300
-0.135267	300
-0.135014	300
-0.127194	300
-0.143195	300
0.323052	300
0.327209	300
0.317288	300
0.321768	300
0.319299	300
0.144764	300
0.151802	300
0.237282	300
0.333258	300
0.330527	300
0.326247	300
0.329807	300
0.0133689	300.045
0.0468852	300.036
0.0405442	300.032
0.0455198	300.024
0.0442746	300.033
0.0359688	300.037
0.0405929	300.037
0.0391336	300.033
0.0604671	300.015
0.0611598	300.018
0.0555176	300.018
0.218344	300
0.21425	300
0.220888	300
0.20073	300
0.207692	300
0.213272	300
0.222535	300
0.224871	300
0.235957	300
0.225504	300
0.222066	300
0.224187	300
0.229059	300
0.224338	300
0.231104	300
0.236289	300
-0.00845563	300
-0.0113128	300
-0.0146292	300
-0.013495	300
-0.0166581	300
-0.0235168	300
-0.0202602	300.002
-0.0313269	300
-0.0218709	300.035
-0.017309	300
-0.0152305	300
-0.0175259	300
-0.0168736	300
-0.00119581	300
0.00995312	300
-0.0172615	300
0.057898	300.126
0.344335	300
0.337717	300
0.331813	300
0.218355	300.009
0.223983	300
0.228002	300
0.225655	300
0.0820761	300.001
0.0915294	300.002
0.0853557	300.004
0.0810451	300.034
0.0901779	300.003
0.0993226	300.004
0.11519	300.02
0.0975157	300.002
-0.130827	300
-0.122137	300
-0.116223	300
-0.128977	300
-0.142423	300
-0.133024	300
-0.133015	300
-0.133755	300
-0.139674	300
-0.130935	300
-0.127527	300
-0.133093	300
-0.120929	300
-0.119382	300
-0.118992	300
-0.12169	300
0.0457583	300.032
0.107834	300.027
0.113847	300.016
0.104358	300.003
0.105115	300.002
0.230504	300
0.230003	300
0.224694	300
0.331971	300
0.321223	300
0.322512	300
-0.0283866	300
-0.0187277	300
-0.0351468	300
-0.0357334	300
-0.0341911	300
-0.0341106	300.001
-0.0246204	300.032
0.229646	300
0.233859	300
0.236559	300
0.0591586	300.057
0.0426282	300.036
0.00166084	300.005
0.00262632	300.015
0.0335593	300.051
0.0378539	300.059
0.326208	300
0.329945	300
0.322739	300
0.322855	300
0.236567	300
0.251451	300
0.245521	300
0.0399933	300
0.0444214	300
0.0447548	300
0.0429068	300
0.0376914	300
0.0402953	300
0.0424601	300
-0.134129	300
-0.126597	300
-0.134085	300
-0.126388	300
-0.129538	300
-0.142699	300
-0.0846505	300
-0.0785963	300
-0.079163	300
-0.104387	300
-0.105579	300
-0.108845	300
-0.0287996	300
-0.016168	300
-0.00333029	300.001
-0.0129662	300.001
0.000264865	300.003
0.118494	300.021
0.132935	300.055
0.156104	300.091
0.239037	300
0.174312	300.28
0.177163	300.749
0.179892	300.269
0.188202	300.096
0.193856	300.114
-0.118536	300
-0.114869	300
-0.140975	300
-0.0441075	300
0.139764	300.049
0.147913	300.138
0.125727	300.048
0.12026	300.046
-0.0118336	300.024
0.00400144	300.104
0.00588064	300.21
0.00501918	300.131
0.00201175	300.12
0.0226887	300.113
0.0215042	300.115
0.0238768	300.121
0.0244514	300.107
0.014615	300.097
0.0262378	300.327
0.0408458	300.082
0.036748	300.086
0.160252	300.224
0.159454	300.291
0.0677261	300.03
0.0713295	300.028
0.0648759	300.027
0.0722881	300.017
0.0760345	300.008
0.0841039	300.002
0.31155	300
0.253547	300
0.255295	300
0.255134	300
0.116351	300.115
-0.0520706	300
0.226983	300
0.229995	300
0.0895466	300.003
0.0992115	300.005
0.0912902	300.012
0.0816074	300.042
0.0863833	300.017
0.299328	300
0.297302	300
0.28408	300
0.291322	300
0.26971	300
0.18171	300.01
0.205351	300.001
0.203289	300.001
0.20353	300.001
0.202388	300.001
0.204877	300.001
0.200772	300.001
0.241607	300
0.246245	300
0.242348	300
0.239768	300
0.233698	300
0.243598	300
0.236775	300
0.23938	300
-0.0442907	300
-0.048786	300
-0.0631243	300
-0.0381368	300
-0.0928495	300
-0.0897742	300
-0.0905973	300
0.228143	300
0.229468	300
0.238394	300
0.318724	300
0.318946	300
0.337693	300
0.31894	300
0.330846	300
0.345861	300
0.316364	300
0.311451	300
0.321661	300
0.31181	300
-0.0272568	300.001
-0.026958	300.002
-0.0506348	300
-0.0364018	300
-0.0284875	300.001
-0.0443538	300
-0.0477083	300
-0.0481702	300
-0.10342	300
-0.0910031	300
-0.0520925	300
-0.0568582	300
-0.0577698	300
-0.0459983	300
-0.0543203	300
-0.0449251	300
0.318689	300
0.308585	300
0.310444	300
0.251914	300
-0.0775194	300
-0.0429055	300
-0.0409587	300
-0.0425144	300
-0.0401149	300
-0.0434873	300
-0.0311203	300
-0.0300831	300
-0.0222553	300
0.266361	300
0.256583	300
0.217429	300
0.20638	300.002
0.157226	300.059
0.178338	300.049
0.279736	300
0.287276	300
0.280385	300
0.258224	300
0.244243	300
0.301332	300
0.30961	300
0.301752	300
0.0905385	300.002
-0.0659201	300
-0.0677649	300
-0.0676291	300
-0.0687199	300
-0.0682522	300
-0.0676351	300
-0.0652122	300
-0.0616615	300
0.112232	300.003
0.105605	300.001
0.207769	300.006
0.207551	300.007
0.207809	300.006
0.20761	300.006
0.215993	300.002
0.220992	300
0.211136	300.011
0.0588601	300.162
0.0702486	300.021
0.0685121	300.113
0.120267	300.032
0.140009	300.045
0.1557	300.328
0.156797	300.232
0.316839	300
0.0384849	300.092
0.0274991	300.379
0.0163339	300.193
0.0202486	300.103
0.0132006	300.196
-0.0060262	300.092
-0.0127724	300.009
0.103438	300.001
0.10231	300
0.10283	300.011
0.101058	300
0.102018	300.001
0.101922	300.001
0.102374	300.005
0.31947	300
0.320438	300
0.319433	300
0.318461	300
0.319435	300
0.320205	300
-0.031778	300
-0.0418837	300
-0.118654	300
-0.120605	300
-0.118705	300
-0.0915172	300
-0.091083	300
0.249655	300
0.246718	300
0.2402	300
0.246859	300
0.244232	300
0.246273	300
0.154408	300.074
0.142181	300.183
0.117812	300.011
0.123689	300.015
0.126238	300.014
-0.0154651	300
-0.0130827	300
-0.000710611	300.002
0.00111853	300.004
-0.115924	300
-0.119451	300
-0.133767	300
-0.128207	300
-0.127456	300
-0.131308	300
-0.129199	300
-0.127478	300
-0.116707	300
0.253603	300
0.306889	300
0.322223	300
0.31364	300
0.312853	300
0.0318665	300.07
0.0274934	300.05
0.0229661	300.036
0.0223355	300.042
0.023357	300.05
0.0254881	300.077
0.0592647	300.013
0.0641528	300.024
0.073096	300.044
0.0861236	300
0.0878935	300
0.0947432	300.001
0.0903719	300
0.0580121	300.029
0.0522256	300.025
0.0890161	300
0.087906	300
0.0478418	300.032
0.0448025	300.039
0.0747142	300.023
0.082184	300.021
0.229025	300
0.225375	300
0.244687	300
-0.060152	300
0.0160326	300.051
0.0139997	300.041
0.00997945	300.008
0.312077	300
0.317508	300
0.311844	300
0.3106	300
0.30613	300
0.306065	300
0.256885	300
0.25507	300
0.245805	300
-0.115271	300
-0.115071	300
-0.113601	300
-0.123395	300
-0.124525	300
-0.119091	300
-0.12626	300
-0.1179	300
-0.0951513	300
-0.0914025	300
-0.0843875	300
-0.10119	300
0.11646	300.005
0.125284	300.014
0.139823	300.195
0.139966	300.121
0.154276	300.056
0.301428	300
-0.102951	300
-0.102546	300
-0.102317	300
-0.102644	300
-0.0906478	300
0.318758	300
0.312641	300
0.316873	300
0.314487	300
0.320765	300
0.0875063	300.008
0.074104	300.015
0.0816836	300.014
0.0886207	300.001
0.0972014	300.001
-0.000178186	300.161
-0.0257864	300.001
-0.0255692	300.001
-0.0256576	300.001
-0.025344	300.001
-0.0287138	300.001
0.0102421	300.052
0.0133866	300.078
0.00376306	300.069
-0.0492124	300
0.177331	300.299
0.192522	300.053
0.192511	300.052
0.192771	300.052
0.191444	300.054
-0.0256684	300.001
-0.0256513	300.001
0.101759	300.001
0.0896638	300.005
0.207804	300.006
0.192819	300.053
0.222795	300
0.207943	300.006
-0.0701191	300
-0.0565852	300
-0.073523	300
-0.0519431	300
0.185534	300.008
0.200075	300.002
0.198112	300.002
0.202961	300.001
0.254172	300
0.300006	300
0.301326	300
0.317538	300
0.307381	300
0.303084	300
0.294006	300
0.298263	300
0.320502	300
0.325904	300
0.326763	300
0.324034	300
0.32166	300
0.254644	300
0.274263	300
0.267539	300
0.169343	300.112
0.180148	300.016
0.122347	300.015
0.109071	300.005
0.111583	300.006
0.044336	300.111
0.0578718	300.037
0.0462685	300.046
-0.042989	300
-0.0426311	300
-0.0407171	300
-0.0257022	300.001
0.242102	300
0.238649	300
0.251503	300
-0.0597798	300
-0.0677511	300
-0.0582623	300
-0.0635794	300
-0.053444	300
-0.0553581	300
-0.0452445	300
-0.0643618	300
-0.0743901	300
0.318697	300
0.308413	300
0.319661	300
-0.0256914	300.001
0.246331	300
0.296007	300
0.302529	300
0.297509	300
0.295167	300
0.315095	300
0.295902	300
0.293613	300
0.260362	300
0.260803	300
0.255778	300
-0.0901771	300
-0.0777657	300
-0.0625305	300
-0.0735341	300
-0.0490356	300
-0.045854	300
0.122915	300.015
0.112296	300.006
0.170626	300.223
0.177438	300.023
0.1814	300.013
0.13976	300.04
0.149808	300.087
0.19196	300.052
0.180034	300.149
0.179782	300.147
0.182524	300.039
0.175708	300.153
0.176153	300.192
0.294786	300
0.250242	300
0.256206	300
0.256084	300
-0.0505327	300
-0.0446387	300
-0.0733474	300
0.207876	300.005
0.192677	300.053
0.0228386	300.351
0.0170548	300.117
0.311643	300
0.314633	300
0.0684468	300.175
0.0755663	300.163
0.0473023	300.054
0.0638584	300.235
0.060511	300.029
0.0538647	300.128
0.0502504	300.179
0.0446629	300.071
0.0555291	300.14
0.0698915	300.123
0.0507161	300.162
0.0370747	300.086
0.0343246	300.151
-0.00754083	300.03
0.10324	300.001
0.0875764	300.001
0.0891164	300.001
0.293834	300
-0.0698335	300
-0.0783505	300
-0.0772956	300
-0.0801948	300
-0.0748167	300
-0.0813358	300
-0.074627	300
-0.103897	300
-0.10362	300
-0.102765	300
0.165049	300.162
0.154805	300.149
0.156125	300.079
0.139961	300.042
0.181824	300.045
0.30132	300
0.296865	300
0.300467	300
0.290688	300
0.122374	300.027
0.139508	300.039
0.139508	300.038
0.132238	300.065
0.125526	300.073
0.102657	300.003
0.0927573	300
0.0971344	300.001
0.0952518	300.007
0.0943745	300.001
-0.0266419	300
-0.0138864	300.003
-0.013082	300.003
-0.00873334	300.001
-0.114526	300
-0.113253	300
-0.0986871	300
-0.113447	300
-0.111853	300
-0.0987847	300
-0.113941	300
-0.100839	300
-0.113835	300
-0.131423	300
-0.115965	300
-0.124756	300
-0.122454	300
-0.10889	300
-0.106105	300
-0.113343	300
-0.114291	300
0.300473	300
0.265613	300
0.249503	300
-0.0697075	300
-0.0633587	300
-0.0692329	300
-0.0641131	300
-0.0699819	300
-0.0554932	300
-0.0659523	300
-0.0571989	300
0.08251	300.001
0.0889367	300.001
-0.0758129	300
-0.0712775	300
-0.0664735	300
-0.0704238	300
-0.0548188	300
-0.0702166	300
-0.0830015	300
-0.0631608	300
-0.0689467	300
-0.070223	300
-0.0870379	300
-0.100341	300
-0.0869588	300
-0.0690432	300
-0.0712453	300
0.268265	300
0.270215	300
0.264778	300
0.264159	300
0.260551	300
0.264651	300
0.302047	300
0.271264	300
-0.112592	300
-0.110655	300
-0.114472	300
-0.114023	300
-0.0996516	300
-0.101586	300
-0.110755	300
-0.107202	300
-0.102737	300
-0.0756794	300
-0.0765447	300
-0.0769973	300
-0.0769771	300
-0.078793	300
-0.0735685	300
-0.0890925	300
-0.0787654	300
-0.0814521	300
-0.0697364	300
0.0038943	300.006
0.00338801	300.006
0.00353391	300.006
-0.0323309	300
0.00288654	300.061
-0.00954516	300.012
-0.0123179	300.007
0.109017	300.006
0.103851	300.001
0.0925309	300.001
0.106145	300.004
0.0978649	300.002
0.277662	300
0.195922	300.015
0.161613	300.144
0.162136	300.19
0.165526	300.19
0.163881	300.242
-0.0913479	300
-0.0927064	300
-0.0908412	300
-0.0810788	300
-0.0925079	300
-0.0950749	300
-0.086703	300
0.298187	300
0.299731	300
0.294251	300
0.299602	300
0.297779	300
0.00382391	300.006
0.00389389	300.007
0.00363458	300.006
0.0730439	300.015
0.3116	300
0.297606	300
0.29834	300
0.203204	300.004
0.201617	300.004
0.192802	300.052
0.193194	300.052
0.200851	300.004
0.241655	300
0.242316	300
0.236398	300
0.245099	300
0.245963	300
0.217649	300
0.220638	300
0.224689	300
-0.0614988	300
-0.0551168	300
-0.0390187	300
-0.0756739	300
-0.0317875	300
-0.040302	300
-0.037762	300
-0.0374823	300
-0.0264885	300
-0.0377839	300
-0.0300076	300
-0.0273196	300
0.201382	300.004
0.206846	300.001
0.207443	300
0.207235	300
0.219411	300
0.252966	300
0.265418	300
0.279134	300
0.273749	300
0.293318	300
0.196656	300.002
0.189049	300.013
0.206426	300.001
0.20044	300.004
0.206908	300
-0.0719341	300
-0.0714407	300
-0.0408529	300
-0.0257013	300.001
-0.0393461	300
-0.0717884	300
-0.0825347	300
-0.0455118	300
-0.0440786	300
-0.0746495	300
-0.0811752	300
-0.0729506	300
0.294815	300
0.300749	300
0.286951	300
0.29463	300
0.294124	300
0.240291	300
0.243002	300
0.238972	300
0.246667	300
0.225994	300
0.223386	300
0.220947	300
0.228609	300
0.227427	300
0.221402	300
0.233097	300
0.264488	300
0.254807	300
0.257909	300
0.262793	300
0.249326	300
0.258305	300
0.295266	300
0.291295	300
0.29586	300
0.291169	300
0.00196186	300.052
-0.00121118	300.028
-0.0192518	300
-0.0143334	300.001
-0.0195574	300.001
0.00310559	300.006
0.00337188	300.006
0.283712	300
0.282737	300
0.265182	300
0.286125	300
0.293989	300
0.277744	300
0.28386	300
0.292388	300
0.297319	300
0.295514	300
-0.014464	300.003
-0.00324925	300.006
-0.0376107	300
-0.025264	300
-0.0337751	300
-0.0211846	300
-0.0380826	300
-0.0562461	300
-0.0858623	300
-0.0776615	300
-0.0895701	300
-0.0895293	300
-0.0973376	300
-0.0870496	300
-0.0849615	300
-0.0962342	300
-0.0965563	300
-0.0831387	300
-0.0834017	300
-0.0824989	300
-0.0821271	300
-0.0967386	300
-0.0754993	300
-0.0871896	300
-0.0918896	300
-0.0957638	300
-0.0935049	300
-0.0941809	300
-0.111706	300
-0.10812	300
-0.101798	300
-0.0980805	300
-0.110836	300
-0.106532	300
-0.112003	300
-0.118373	300
-0.111489	300
-0.11284	300
-0.113425	300
-0.0728927	300
-0.0930683	300
0.276513	300
0.265087	300
0.26588	300
0.285802	300
0.283429	300
0.270964	300
0.246238	300
0.301833	300
0.292773	300
0.291075	300
0.29439	300
0.285016	300
0.282881	300
0.277214	300
0.269879	300
0.275866	300
0.264077	300
-0.0920931	300
-0.0914411	300
-0.0989233	300
-0.0975092	300
-0.108382	300
-0.0950066	300
-0.0879662	300
-0.0764536	300
-0.0379339	300
-0.0127566	300.003
-0.0261971	300
-0.0296242	300.001
-0.0199487	300.001
-0.00580723	300.004
-0.0181606	300.001
-0.0331804	300
-0.0461353	300
-0.0384321	300
-0.0482348	300
0.283774	300
0.274495	300
0.288273	300
0.243863	300
0.23748	300
0.241194	300
0.241877	300
0.202569	300.004
0.220035	300
0.207247	300
0.214424	300
0.250029	300
0.234244	300
0.280548	300
0.253858	300
0.269967	300
0.276184	300
0.273838	300
0.286137	300
0.273225	300
0.266374	300
0.275605	300
-0.059495	300
-0.0575108	300
-0.0512715	300
-0.0677389	300
-0.0556016	300
-0.0409001	300
-0.0545634	300
-0.0516658	300
-0.0561963	300
-0.0666075	300
-0.0627271	300
-0.056509	300
0.258965	300
0.246018	300
-0.0929866	300
-0.0139558	300
)
