(title "Static Temperature")
(labels "Position" "Static Temperature")

((xy/key/label "plane-26")
0.02	340.017
0.02	340.012
0.03	340.011
0.03	340.012
0.01	340.017
0.01	340.014
0	340.012
0	340.012
0.03	340.018
0.02	340.023
0.01	340.023
0	340.018
0.03	340.025
0.02	340.027
0.01	340.028
0	340.026
0.03	340.029
0.02	340.032
0.01	340.032
0	340.032
0.03	340.034
0.02	340.037
0.01	340.037
0	340.038
0.03	340.04
0.02	340.042
0.01	340.042
0	340.042
0.03	340.044
0.02	340.046
0.01	340.045
0	340.045
0.03	340.046
0.02	340.048
0.01	340.047
0	340.047
0.03	340.047
0.02	340.049
0.01	340.049
0	340.047
0.03	340.048
0.02	340.049
0.01	340.048
0	340.047
0.03	340.045
0.02	340.048
0.01	340.047
0	340.046
0.03	340.042
0.02	340.045
0.01	340.044
0	340.044
0.03	340.039
0.02	340.041
0.01	340.041
0	340.041
0.03	340.035
0.02	340.035
0.01	340.036
0	340.036
0.03	340.03
0.02	340.03
0.01	340.031
0	340.031
0.03	340.023
0.02	340.026
0.01	340.026
0	340.024
0.03	340.018
0.02	340.021
0.01	340.021
0	340.016
0.03	340.013
0.02	340.016
0.01	340.016
0	340.01
0.03	340.009
0.02	340.01
0.01	340.01
0	340.009
0.06	339.964
0.05	339.972
0.05	339.97
0.06	339.965
0.04	339.986
0.04	339.987
0.03	340.033
0.03	340.035
0.06	339.965
0.05	339.973
0.05	339.971
0.06	339.966
0.04	339.988
0.04	339.989
0.03	340.034
0.03	340.032
-0.0343276	300
-0.0369734	300
-0.0354232	300
-0.0365811	300
-0.0411192	300
-0.0317489	300
-0.0408326	300
-0.0445375	300
-0.0459959	300
-0.0427013	300
-0.0316626	300
0	340.034
-0.000270134	339.073
-0.000947807	336.936
0	340.033
-0.0885184	300
-0.0893908	300
-0.0828983	300
-0.0817045	300
-0.0861957	300
-0.09	300
-0.0820489	300
-0.09	300
0.0432972	300.584
0.0449478	300.058
0.0366395	300.295
0.0431713	300.831
0.0355864	300.448
0.0466139	300.01
0.0414199	300.04
0.051753	300.027
0.040062	300.011
0.0335423	300.289
0.0345334	300.358
0.0339121	300.018
0.0827151	300
0.0855115	300
0.0817866	300
0.0815679	300
0.0827903	300
0.0745312	300
0.0857603	300
0.0781246	300
0.0667754	300
0.0854273	300
0.0912321	300
0.0958474	300
0.0799405	300
0.0900535	301.411
0.0974298	300.715
0.0892656	302.856
0.101856	300.631
0.0904584	302.973
0.0939511	300.765
0.107404	300.268
0.109671	300.208
0.104852	301.088
0.107535	300.406
0.110494	300.841
0.111686	300.13
0.115107	300.281
0.148045	316.877
0.13646	316.583
0.151022	312.585
0.142452	310.064
0.135043	316.452
0.129319	317.603
0.136889	315.959
0.128042	317.764
0.118034	318.235
0.121045	316.679
0.130067	310.951
0.13257	304.412
0.11449	309.521
0.126697	306.115
0.116544	306.075
0.0294876	300
0.0323324	300
0.0352902	300
0.0355378	300
0.0258849	300
0.0496236	300
0.0503303	300
0.0499718	300
0.0512599	300
0.0540399	300
0.0483519	300
0.0555515	300
0.0491485	300
0.0492459	300
0.0524694	300.003
0.0347326	300.001
0.0307222	300.009
0.0465018	300
0.046232	300
0.0466737	300
0.0279894	300.031
0.110148	305.051
0.112225	306.246
0.111118	307.726
0.146071	300
0.158445	300
0.159491	300
0.154989	300
0.142444	300
0.16305	300
0.159796	300
0.142484	300
0.155659	300
-0.0382473	300
-0.0375644	300
-0.0376638	300
-0.0356427	300
-0.0398219	300
-0.0293178	300
-0.0356629	300
-0.0395553	300
-0.0398802	300
-0.041267	300
-0.0375838	300.001
-0.0433185	300
-0.031849	300.001
-0.0438042	300
0.0485537	300.067
0.0464896	300.111
0.0480943	300.053
0.049604	300.083
0.0538767	300.049
0.0897016	300
0.0889896	300
0.0805458	300
0.0795024	300
0.0854441	300
0.0798878	300
0.0779761	300
0.0946332	300
0.186798	311.874
0.186128	310.612
0.185142	312.467
0.184299	311.029
0.194631	309.708
0.194596	309.681
0.194637	309.683
0.190388	304.972
0.180857	302.595
0.192936	304.531
0.181539	302.259
0.192382	302.885
0.18056	302.309
0.180302	302.649
0.0621859	300
0.0616367	300
0.0504038	300
0.0619682	300
0.0496032	300
0.0628898	300
0.081478	300.113
0.0751689	300.607
0.0699721	300.62
0.0722314	300.134
0.0694711	301.447
0.0666749	301.49
0.0626668	300.607
0.0616755	300.771
0.0602856	300.731
0.0602437	301.018
0.0564448	303.639
0.0547573	304.083
0.0666236	302.079
0.0637192	303.292
-0.0590965	300
-0.0547867	300
-0.057197	300
-0.060429	300
-0.0505908	300
-0.0486011	300
-0.0508283	300
-0.0639685	300
-0.0646544	300
-0.0687157	300
-0.0512256	300
-0.0562871	300
-0.0607868	300
-0.0678896	300
-0.0613044	300
-0.0638761	300
0.12172	300
0.118613	300
0.115661	300
0.127363	300
0.125296	300
0.121722	300
0.143899	300
0.1458	300
0.142055	300
0.141562	300
0.139364	300
0.143251	300
-0.0801193	300
-0.082099	300
-0.0744279	300
-0.0718782	300
-0.0781223	300
-0.0790578	300
-0.0811556	300
-0.0854113	300
-0.0855993	300
-0.073884	300
0.193869	300
0.197845	300.001
0.201529	300
0.193227	300.001
0.198086	300.001
0.201784	300
0.198091	300.001
0.193867	300.003
0.194752	300.003
0.201493	300.002
0.207434	300.001
0.0521878	300
0.0514377	300
0.0497815	300
0.0484202	300
0.0561314	300
0.0594519	300
0.0597749	300
0.0488101	300
0.0554875	300
0.0510903	300
0.0488178	300
0.0434999	300
0.0459775	300
0.0399805	300
0.0409274	300
0.207005	300
0.21	300
0.21	300
0.21	300
0.202808	300
0.207658	300
0.203359	300
0.197126	300
0.201716	300
0.194023	300
0.194765	300
0.20535	300
0.203912	300
0.21	300
0.202585	300
0.197213	300
0.202079	300
0.134027	300
0.136935	300
0.129933	300
0.137926	300
0.135363	300
0.128011	300
0.12623	300
0.139231	300
0.136593	300
0.13011	300
0.125915	300
0.208934	300
0.21	300
0.21	300
0.204421	300
0.205533	300
-0.0365324	300
-0.0391051	300
-0.036465	300
-0.0310548	300
-0.0340642	300
-0.039611	300
-0.023915	300
-0.0322723	300
-0.0338501	300
-0.0210316	300
-0.0310479	300
-0.0206646	300
-0.0243849	300
-0.0448489	300
-0.047071	300
0.0631196	300
0.0480049	300
0.0623819	300
0.0475113	300
0.0600756	300
0.0472633	300
0.0485306	300
0.0265134	300
0.0311988	300
0.0462687	300
0.0648656	300
0.0513232	300
0.0480028	300
0.048359	300
0.0389711	300
0.0267383	300
0.0467942	300
0.038792	300
0.048855	300
0.146966	300
0.147045	300
0.146786	300
0.139135	300
0.137588	300
0.156135	300
0.150696	300
0.156243	300
0.158374	300
0.141035	300
0.125109	300
0.145022	300
0.134771	300
0.137969	300
0.123008	300
0.123724	300
0.134177	300
0.128225	300
0.0330316	300
0.0330334	300
0.0337163	300
0.0563142	300
0.0366882	300
0.0509798	300
0.0334519	300
0.0546557	300
0.0672115	300
0.0640842	300
0.0716784	300
0.0712674	300
0.0676632	300
0.00797684	300
0.0129434	300
0.000420806	300
0.00122701	300
-0.00421434	300
-0.0148863	300
-0.005412	300
0.00565639	300
-0.0114345	300
-0.0100453	300
-0.015867	300
-0.0169905	300
0.123214	304.029
0.109566	315.782
0.0948252	317.699
0.0948332	317.692
0.0948241	317.695
0.0971575	304.025
0.107784	306.583
0.103825	301.977
0.108194	301.627
-0.027638	300
-0.0340166	300
-0.0363425	300
-0.0236902	300
-0.0285752	300
-0.0213284	300
-0.0334294	300
-0.0171252	300
-0.022897	300
-0.0225352	300
-0.00687871	300
-0.00784821	300
-0.0359707	300
0.160626	300
0.159522	300
0.163074	300
0.160436	300
0.171077	300
0.164825	300
0.145064	300
0.151603	300
0.17321	300
0.173807	300
0.174003	300
0.162804	300
0.168291	300
0.156479	300
-0.0385793	300
-0.0378932	300
-0.0366842	300.002
-0.0388674	300
-0.0336677	300.005
-0.0262309	300.033
-0.0292536	300.014
-0.0255219	300.054
-0.0351178	300
-0.0301884	300.01
-0.0430961	300
-0.0452851	300
-0.0356138	300
-0.0348461	300
-0.0384733	300.001
-0.0353078	300.002
-0.0264784	300.053
0.176634	300
0.180366	300
0.179648	300
0.185559	300
0.090177	300.052
0.0864945	300.234
0.0841407	300.097
0.085242	300.068
0.0848838	300.466
0.078561	300.639
0.0755638	301.141
0.139105	300
0.146979	300
0.14035	300
0.137503	300
0.140291	300
-0.0477624	300
-0.0521972	300
-0.0567939	300
-0.0401762	300
-0.0409686	300
-0.056472	300
-0.0478613	300
-0.0548979	300
-0.0475381	300
-0.0416329	300
0.18451	300.006
0.175228	300.004
0.176473	300.023
0.184712	300.01
0.169707	300.002
0.180594	300.001
0.17962	300.001
0.163292	300.006
0.166781	300.008
0.185399	300.006
0.183166	300.004
0.168078	300.001
0.0634319	300.469
0.0610896	300.588
0.0618479	300.82
0.0607757	301.327
0.0515548	301.679
0.0522486	302.416
0.0562371	302.289
0.0472353	305.221
0.0647675	300.005
0.0632862	300.003
0.0690761	300.001
0.0629776	300.05
0.0629551	300.05
0.0629488	300.05
0.0629742	300.05
0.0629441	300.051
0.0629449	300.05
0.13257	300
0.134694	300
0.130076	300
0.130178	300
0.130037	300
-0.0306149	300
-0.0188799	300.094
-0.0248929	300.001
-0.0256758	300.013
-0.02616	300
-0.0315244	300
-0.0326493	300
-0.0370564	300
-0.038633	300
-0.027829	300.012
-0.0380487	300
-0.0364145	300
-0.045567	300
-0.0386325	300
-0.0430085	300
-0.0376006	300.001
0.021786	300
0.0304178	300
0.0299721	300
0.0329341	300
0.0208294	300
0.0206921	300
0.0303684	300
0.038819	300
0.0288297	300
0.0227093	300
0.0362198	300
0.0332679	300
0.0282428	300
0.0264881	300
0.0394547	300
0.0229324	300
0.0390797	300
0.107085	300
0.111107	300
0.119122	300
0.121606	300
0.111869	300
0.098687	300
0.108311	300
0.113815	300
0.100281	300
-0.0544182	300
-0.0511914	300
-0.0549134	300
-0.0566657	300
-0.0572725	300
-0.0501739	300
-0.0544216	300
-0.0556195	300
-0.0648574	300
-0.0655159	300
-0.0453629	300
-0.0459467	300
-0.0553758	300
-0.0584319	300
-0.0568477	300
-0.064174	300
-0.063338	300
-0.0470528	300
-0.0513353	300
-0.0529037	300
-0.0498859	300
-0.0399299	300
-0.0410145	300
-0.0403795	300
-0.0329525	300
-0.0359387	300
-0.0301448	300
-0.040734	300
-0.0384887	300
-0.0395606	300
0.0417163	331.968
0.0382785	333.522
0.044772	331.948
0.0381437	333.713
0.0402496	332.757
0.0475224	330.796
0.0445053	330.498
0.038424	333.562
0.0483304	330.408
0.0451607	331.587
-0.0657565	300
-0.0623422	300
-0.068744	300
-0.0622539	300
-0.0699178	300
-0.0619854	300
-0.0672602	300
-0.0556767	300
-0.0541313	300
-0.0553887	300
-0.0462327	300
-0.0455736	300
-0.0532857	300
-0.0625365	300
-0.0645148	300
-0.064608	300
-0.00829281	307.616
-0.00831095	307.476
-0.00812784	308.178
-0.00828573	307.462
-0.00941752	306.467
-0.0116232	306.189
-0.0161932	300.494
-0.00798532	309.841
-0.016067	300.451
-0.00957672	306.052
-0.0150848	301.348
-0.0136674	301.478
0	339.988
-0.00315659	328.225
-0.0655639	300
-0.0649788	300
-0.0725742	300
-0.0728578	300
-0.0578475	300
-0.0682704	300
-0.066749	300
-0.0564119	300
-0.0617144	300
-0.0530403	300
-0.0391468	300
-0.0443331	300
-0.0399418	300
-0.0360789	300
-0.0535021	300
-0.050191	300
-0.0362774	300
-0.0397423	300
-0.0342314	300
-0.0356045	300
-0.0348673	300
0.149463	300
0.146459	300
0.154556	300
0.151978	300
0.154135	300
0.148695	300
0.153239	300
0.154388	300
0.141761	300
0.146315	300
0.144138	300
0.140567	300
0.142122	300
0.188969	300
0.188528	300
0.185598	300
0.185414	300
0.193913	300
0.194785	300
0.18972	300
0.195668	300
0.195431	300
0.192606	300
0.198551	300
0.200361	300
0.200246	300
-0.0832158	300
-0.0809042	300
-0.0810596	300
-0.0877275	300
-0.0821288	300
-0.09	300
-0.09	300
-0.0800794	300
-0.0781608	300
-0.0729933	300
-0.079705	300
-0.0706082	300
-0.0895701	300
-0.0728501	300
-0.0806415	300
-0.0760759	300
-0.0889348	300
-0.0809832	300
0.201409	300
0.203173	300
0.201285	300
0.20761	300
0.208759	300
0.21	300
0.21	300
-0.0142572	303.778
-0.0155333	302.586
-0.0182956	301.734
-0.0171054	301.853
-0.00884188	311.853
-0.0163119	302.861
-0.00922459	311.495
-0.017027	301.973
-0.00833851	312.482
-0.010719	308.613
-0.00819197	313.026
0.201284	311.499
0.204742	311.89
0.20302	313.007
0.20925	315.009
0.202068	314.332
0.193564	300
0.192712	300
0.200778	300
0.192814	300
0.201495	300
0.192539	300
0.191003	300
0.201581	300
0.200883	300
0.189715	300
0.186174	300
0.182461	300
0.192704	300
0.193349	300
0.186696	300
0.198661	300
0.183436	300
-0.000850475	337.201
-0.00499391	320.47
-0.00478394	321.158
0	340.033
0	340.032
-0.0100968	309.841
-0.00636753	318.087
-0.0139615	304.325
-0.00801866	312.824
-0.00752541	314.461
0.0866196	300
0.0923708	300
0.0867465	300
0.075935	300
0.0919979	300
0.0872397	300
0.0927239	300
0.0922393	300
0.0937909	300
0.0936478	300
0.0941895	300
0.101133	300
0.104386	300
0.0987507	300
0.103952	300
-0.0897984	300
-0.09	300
-0.09	300
0.0426722	326.497
0.0452141	323.787
0.05	339.966
0.045	339.977
0.04	339.988
0.03	340.045
0.03	340.044
0.0350458	336.358
0.162701	300
0.166984	300
0.167427	300
0.167976	300
0.172977	300
0.182661	300
0.183466	300
0.184068	300
0.0379105	335.851
0.03	340.044
0.03	340.046
0.03	340.022
0.0387855	339.141
0.045	339.98
0.04	339.99
0.0342077	339.238
0.03	340.018
0.03	340.035
0.0376734	338.294
-0.0728119	300
-0.0815139	300
-0.0794236	300
-0.09	300
-0.0822036	300
-0.09	300
-0.0633752	300
-0.0626612	300
-0.05422	300
-0.0552856	300
-0.064068	300
-0.0705934	300
-0.0714359	300
-0.0794087	300
-0.0771871	300
-0.0744538	300
0.192812	300
0.200939	300
0.199424	300
0.21	300
0.20198	300
0.21	300
-0.09	300
-0.0898038	300
-0.09	300
0.04	339.992
0.0379884	338.986
0.034532	338.906
0.03	340.04
0.036744	338.325
0.03	339.99
0.0323393	331.356
0.03	340.003
0.0317529	336.802
0.03	340.013
0.03	340.02
0.202504	300
0.21	300
0.203787	300
0.21	300
0.203013	300
0.199409	300
0.203068	300
0.03	340.007
0.0349053	330.997
0.03	340.014
0.0380862	324.612
0.04	339.985
0.0385403	327.986
0.0385029	334.677
0.0364238	327.886
0.0421809	321.79
0.21	300
0.21	300
0.209302	300
0.21	300
0.0149976	300
0.0148662	300
0.00594767	300
0.00509784	300
0.00256693	300
-0.09	300
-0.09	300
-0.0884049	300
-0.083479	300
-0.0832402	300
-0.09	300
-0.09	300
-0.00687826	316.494
0	340.025
0	340.02
-0.09	300
-0.0868525	300
-0.09	300
-0.00743303	312.286
-0.00645817	315.923
0	340.005
0	340.003
0	340.008
-0.09	300
-0.0867359	300
-0.09	300
-0.09	300
0.21	300.011
0.207142	300.013
0.21	300.028
0.209071	300.118
0.21	300.128
0.205217	300
0.21	300
0.21	300
0.209401	309.668
0.21	309.848
0.21	304.085
0.205707	304.775
0.21	309.999
-0.0888077	300
-0.09	300
-0.09	300
-0.0880764	300
-0.09	300
-0.0835417	300
-0.09	300
0	340.011
-0.00477531	323.028
0	340.008
-0.0899001	300
-0.09	300
-0.09	300
-0.0841757	300
-0.0848733	300
-0.09	300
-0.09	300
-0.09	300
-0.09	300
-0.09	300
-0.0888371	300
0.21	300
0.21	300
0.207791	300
-0.09	300
-0.0840678	300
-0.0886241	300
-0.09	300
0	340.033
0.21	309.559
0.202392	305.631
0.21	307.822
0.21	304.416
0.20232	305.402
0.202008	305.43
0.21	316.679
0.207053	317.396
0.21	317.333
0.207547	300
0.21	300
0.21	300
0.107091	300
0.099759	300
0.107717	300
0.113668	300
0.21	300
0.21	300
0.209381	300
0.201758	300
0.21	300
0.21	300
0.203811	300
0.21	300
0.20292	300
0.203181	300
0.21	300
0.21	300
0.202613	300
0.202018	300
0.21	300
0.203898	300
0.21	300
0.203778	300
0.203674	300
0.202055	300
-0.0868366	300
-0.09	300
-0.09	300
-0.0835984	300
-0.09	300
-0.09	300
-0.09	300
-0.09	300
-0.089332	300
-0.09	300
-0.0828119	300
-0.0823692	300
-0.0891892	300
-0.0823264	300
-0.0872644	300
-0.0886481	300
-0.09	300
-0.09	300
-0.0819233	300
-0.0850276	300
-0.09	300
-0.09	300
-0.0891236	300
-0.09	300
-0.0822455	300
-0.0819824	300
0.202317	300
0.21	300
0.21	300
0.202425	300
0.21	300
-0.0893077	300
-0.09	300
-0.09	300
-0.0893694	300
-0.0824369	300
-0.0827557	300
-0.0895974	300
-0.09	300
-0.089965	300
0	340.015
-0.00231765	331.854
0	340.013
-0.0847056	300
-0.0822771	300
-0.0821083	300
-0.0823174	300
-0.09	300
-0.09	300
-0.0864997	300
0	340.026
0	340.025
-0.00085877	337.281
-0.09	300
-0.0884832	300
-0.09	300
-0.09	300
-0.087917	300
-0.09	300
-0.09	300
-0.09	300
-0.09	300
-0.0888355	300
-0.09	300
-0.09	300
-0.0858421	300
-0.0821675	300
-0.082883	300
-0.09	300
-0.0814506	300
-0.0817086	300
0.0489472	300
0.0521715	300
0.0453671	300
0.0302375	300
0.0323206	300
0.0236958	300
0.0258006	300
0.0286633	300
-0.00591389	300
-0.00801105	300
-0.00705943	300
-0.0153631	300
-0.0124343	300
-0.0017471	300
0.03	339.988
0.0229776	322.572
0.02	339.992
0.00781139	317.582
0	339.985
0.01	339.99
0.0252839	307.264
0.21	300.012
0.207123	300.004
0.21	300.004
0.21	300.003
0.205457	300
0.21	300
0.204285	300.001
0.202634	300.002
0.20273	300
0.21	300.894
0.203189	301.16
0.204063	301.673
0.21	303.094
0.21	300.212
0.205926	300.722
0.204698	313.631
0.21	315.519
0.21	310.222
0.209647	310.131
0.202583	301.306
0.201968	305.321
0.202591	301.161
0.21	300.001
0.21	300
0.201936	300
0.203482	300
0.202774	300
0.202713	300
0.20837	300
0.21	300
0.202616	300.03
0.202584	301.099
0.202724	300.008
0.21	300.002
0.206447	300.003
-0.09	300
-0.0890626	300
-0.0868643	300
-0.09	300
-0.0828129	300
-0.082815	300
-0.0878499	300
-0.09	300
-0.09	300
-0.0825933	300
-0.09	300
-0.0885416	300
-0.09	300
-0.0871293	300
-0.0815791	300
-0.0835519	300
-0.09	300
-0.0823192	300
-0.0818075	300
-0.09	300
-0.0877419	300
-0.00590691	317.734
0	340.016
-0.00649501	315.515
0	340.015
-0.000478364	338.276
-0.00830772	311.408
-0.00850993	311.243
-0.0817891	300
-0.0840835	300
-0.09	300
-0.09	300
-0.0826564	300
-0.0818488	300
-0.0818779	300
-0.0820955	300
0.0876794	300
0.0857665	300
0.0856098	300
0.080822	300
0.0779105	300
0.0827342	300
0.0716219	300
0.0722309	300
0.070405	300
0.0678285	300
0.0746329	300
0.0635664	300
0.0850755	300
0.0708653	300
0.0347418	300
0.0334454	300
0.0268215	300
0.0259308	300
0.0387707	300
0.0328103	300
0.0482545	300
0.0452782	300
0.0367105	300
0.01	339.995
0.0142718	308.08
0.0155556	339.996
0.0141966	307.112
0.0144208	307.122
0.02	339.997
0.0144937	307.685
0.00722222	326.951
0.00388039	306.371
-0.00184485	300
-0.00210904	300
-0.00919872	300
-0.00397678	300
-0.00146435	300
0.01504	300
0.0150514	300
0.0163812	300
0.00982057	300
0.0253646	300
0.0249803	300
-0.00833348	312.645
-0.00716468	316.465
0	340.033
-0.00039344	338.69
-0.00800928	312.835
0.20627	300
0.201913	300
0.201545	300
0.21	300
0.202376	300
0.21	300
0.202154	300
0.21	300
0.0852582	300
0.0900228	300
0.0940692	300
0.0681823	300
0.0717455	300
0.0656289	300
0.0672503	300
0.0614039	300
0.0680687	300
0.06	339.953
0.0507823	327.381
0.05	339.964
0.045	339.974
0.03	340.005
0.03	340.011
0.0360567	322.222
0.037606	321.037
0.0364123	321.179
-0.0830586	300
-0.09	300
-0.0826379	300
-0.0825887	300
-0.09	300
-0.0825685	300
0.190469	300
0.19174	300
0.184207	300
0.201862	300
0.194454	300
0.194192	300
0.195599	300
0.201112	300
0.19798	300
0.21	300
0.202922	300
0.21	300
0.206314	300
0.21	300
-0.017933	300
-0.0209307	300
-0.022122	300
-0.0636674	300
0.0378921	311.527
0.0476224	337.643
0.0443924	337.042
0.045	339.981
0.0410592	337.249
0.05	339.97
0.0365647	336.463
0.03	340.042
0.03	340.042
0.0369219	336.268
0.0370052	336.253
0.0369463	336.259
0.0369363	336.261
0.202658	300
0.201206	300
0.209307	300
0.21	300
-0.0479759	300
-0.0529773	300
-0.0493712	300
-0.0589333	300
-0.054398	300
-0.0893414	300
-0.0849041	300
-0.09	300
-0.09	300
-0.08257	300
0.200513	300
0.191436	300
0.19197	300
0.194338	300
-0.0694732	300
-0.0693451	300
-0.0704686	300
-0.0642072	300
0.0373016	318.942
-0.0817592	300
0.047794	337.343
0.05	339.971
0.0418914	336.99
0.0375013	337.331
0.0409716	336.534
0.034748	338.336
0.03	340.04
0.1916	300
0.181005	300
0.180182	300
0.0375145	317.758
0.0382848	314.138
0.0347753	325.48
0.03	339.997
0.03	340
0.0333226	329.894
0.06	339.957
0.0344104	337.752
0.03	340.046
0.03	340.046
0.03	340.045
0.0363078	336.764
0.0370496	336.065
0.03	340.043
0.03	340.042
0.0370614	336.059
0.0370785	336.044
0.0384345	335.598
0.0372625	336.365
0.180743	300
0.175239	300
0.177285	300
0.17422	300
0.154328	300
0.149645	300
0.145924	300
0.0461114	335.939
0.178933	300
0.177626	300
0.168898	300
0.0304688	339.717
0.03	340.043
0.0335503	337.576
0.21	300
0.209918	300
0.21	300
0.21	300
0.20524	300
0.202699	300
0.21	300
0.202685	300
0.21	300
0.21	300
0.208834	300
0.21	300
-0.0823879	300
-0.09	300
-0.09	300
-0.0874989	300
-0.0819088	300
-0.0818931	300
-0.09	300
-0.0849917	300
-0.0824234	300
-0.0815035	300
-0.0870593	300
-0.0822281	300
-0.09	300
-0.0866116	300
-0.0818912	300
0.209981	300
0.21	300
0.202673	300
0.202829	300
0.209587	300
0.21	300
0.21	300
0.21	300
0.0369481	336.246
0.157681	300
0.159563	300
0.151041	300
0.163503	300
0.156581	300
0.205747	300
0.21	300
0.21	300
0.21	300
0.202108	300
0.201737	300
0.209358	300
0.21	300
0.21	300
0.0490389	334.491
0.116025	300
0.110742	300
0.116836	300
0.121747	300
0.155743	300
0.149941	300
0.141162	300
0.159865	300
0.162668	300
0.164036	300
0.0529915	335.335
0.06	339.958
-0.09	300
-0.09	300
-0.0719968	300
-0.0813826	300
-0.0821854	300
-0.0821891	300
-0.0824361	300
-0.0823884	300
-0.09	300
-0.09	300
-0.09	300
-0.0825687	300
-0.0831342	300
-0.0526781	300
-0.0469837	300
0.0461485	335.674
0.0532089	333.376
0.0527647	323.881
0.05402	315.948
0.0491029	317.801
0.03	340.012
0.03	340.006
0.0353731	323.906
-0.0595712	300
-0.0217927	300
-0.0267484	300
-0.0237476	300
-0.026315	300
-0.0291919	300
-0.0332393	300
-0.0440362	300
-0.0460613	300
-0.0520247	300
-0.0531352	300
-0.0492213	300
-0.0484372	300
0.06	339.958
0.0528177	336.39
0.0563773	331.423
0.0517099	317.969
0.0564336	300
0.0586337	300
0.0591853	300
0.0560351	300
0.201937	300
0.202147	300
0.207746	300
0.21	300
0.21	300
0.21	300
0.21	300
0.20859	300
0.202284	300
0.207083	300
-0.00746072	313.908
0	340.019
0	340.028
-0.0823726	300
-0.0896498	300
-0.09	300
0.0302131	300
0.0072249	300
0.0571348	300
0.0543711	300
0.0585961	300
0.0527419	300
0.0611766	300
0.0592951	300
0.0256321	300
-0.00185803	300
-0.0864437	300
-0.09	300
-0.09	300
-0.09	300
-0.087014	300
-0.0830924	300
0.022042	328.579
0.0263212	306.815
0.0146237	307.134
-0.0818858	300
-0.0879642	300
-0.09	300
-0.0818269	300
-0.0819563	300
-0.09	300
-0.0894338	300
-0.00802421	313.302
-0.0815815	300
0	340.002
-0.00295577	328.444
-0.00855662	307.22
-0.00821714	309.044
-0.00822762	309.236
-0.0823273	300
-0.082276	300
-0.0834837	300
-0.0821231	300
-0.09	300
-0.0867412	300
0.21	300.001
0.208823	300.001
0.209401	300
0.21	300
0.202012	300
0.209549	300.139
0.205596	316.529
0.201925	317.048
0.20229	315.178
0.202014	306.703
0.202476	312.189
0.0671529	317.703
0.21	300.353
0.21	300.403
0.208811	300.371
0.21	300.751
0.21	300
0.21	300
0.206972	300
0.202514	300
0.20105	300
0.204542	300
0.21	300
0.202775	300
0.203665	300
0.202804	300
0.0171318	307.81
0.0170851	312.914
0.0144444	339.991
0.015896	310.968
0.0135385	307.091
-0.0211622	300
-0.018814	300
-0.0219984	300
-0.0259237	300
0.00247225	300
-0.00203749	300
0.00145603	300
-0.00757923	300
0.00316446	300
0.00633202	300
0.0216361	300
0.0189904	300
0.0275241	300
0.0224364	300
0.020241	300
-0.0840145	300
-0.082487	300
-0.0825069	300
-0.0817499	300
0.0920913	300
0.0891509	300
0.0944672	300
0.0946354	300
-0.09	300
-0.0856376	300
-0.09	300
-0.0840241	300
-0.0818109	300
-0.0085752	311.777
-0.00855921	311.9
-0.000772209	337.145
-0.00756292	313.681
0	340.033
-0.0870998	300
-0.0821576	300
-0.0822482	300
-0.0837477	300
-0.09	300
-0.0822834	300
-0.00724496	312.863
-0.00844507	311.003
-0.00736783	312.514
0.201776	300
0.205699	300
0.21	300
0.21	300
-0.09	300
-0.00836913	309.573
-0.00595919	317.768
0	340.003
0	340.005
-0.00808608	310.466
-0.00169087	333.41
-0.00804146	311.446
-0.00469874	323.214
-0.00783418	312.593
0.201704	300
0.201599	300
0.21	300
0.21	300
0.204243	300
0.201807	300
0.20169	300
-0.0819654	300
-0.0818136	300
-0.09	300
-0.0874983	300
-0.0842209	300
-0.08296	300
-0.0820787	300
-0.0820111	300
-0.09	300
-0.0891107	300
-0.0832905	300
-0.0826978	300
-0.09	300
-0.0817877	300
0.202074	300
0.202644	300
0.205577	300
0.21	300
0.202151	300
0.21	300
0.21	300
0.201363	300
0.201947	300
0.207101	300
0.209027	300
0.203554	300
0.21	300
0.206061	300
0.21	300
0.203944	300
0.207957	300
0.115071	300
0.120771	300
0.125914	300
0.21	314.406
0.202012	305.668
0.21	315.226
0.0669572	318.612
0.202193	300.004
-0.00783814	312.654
-0.09	300
-0.0894545	300
-0.0813442	300
-0.0895066	300
-0.0825287	300
-0.0823347	300
-0.0822562	300
-0.0840146	300
-0.0853166	300
-0.0828679	300
-0.0827778	300
-0.0877424	300
-0.0883783	300
-0.09	300
0.21	300
0.20388	300
0.21	300
0.202826	300
0.203758	300
0.21	300
0.202614	300
-0.0821732	300
-0.0841421	300
-0.0888656	300
-0.0819869	300
-0.09	300
-0.081911	300
0.012437	300
0.00740915	300
0.0122828	300
0.0110405	300
0.0103596	300
-0.0309165	300
-0.0306139	300
-0.0299105	300
0.202862	300.084
0.202165	300.427
0.202778	300.051
0.203973	300.063
0.21	300.052
0.201937	300
-0.0827618	300
0.202162	300
0.137933	300
0.132584	300
0.133766	300
0.137264	300
0.0393348	324.428
0.0497796	319.172
0.0414207	334.523
-0.039865	300
-0.0428251	300
0.0337181	330.356
0.0374516	322.111
0.0414605	319.573
0.0379091	317.899
0.0381895	316.008
0.03	340.017
0.0354429	325.871
0.0380393	319.105
-0.0822169	300
-0.0831238	300
-0.09	300
-0.09	300
-0.0837795	300
0.202885	300
0.209133	300
0.201771	300
0.202729	300
0.206676	300
0.21	300
0.21	300
0.202444	300
0.202553	300
0.21	300
0.209197	300
0.055352	332.657
0.0313517	338.642
0.0387421	335.151
0.127795	300
0.126239	300
0.129199	300
0.123977	300
0.127412	300
0.117433	300
0.123204	300
0.125914	300
-0.0869188	300
-0.0822301	300
-0.082984	300
-0.081457	300
-0.0824143	300
-0.0884203	300
-0.09	300
-0.0819132	300
-0.0825385	300
-0.0826336	300
-0.0836047	300
-0.0824176	300
-0.09	300
-0.0823366	300
-0.09	300
-0.0863131	300
-0.09	300
-0.082306	300
-0.0838062	300
-0.0851805	300
-0.0829038	300
-0.09	300
-0.0825331	300
-0.0814257	300
-0.0825837	300
-0.0743265	300
-0.0691742	300
-0.0898016	300
-0.09	300
-0.00633149	318.008
-0.0082735	312.776
0	340.029
0	340.029
-0.000569869	337.902
-0.00771844	312.954
0.204888	301.049
0.200126	301.525
0.200121	302.015
0.202314	302.326
0.200917	301.742
0.21	301.815
0.21	302.916
0.202019	300
0.203635	300
-0.0893305	300
-0.09	300
-0.0786664	300
-0.0765177	300
-0.0819918	300
-0.0819666	300
-0.0820261	300
-0.0830352	300
-0.0820704	300
-0.0828339	300
-0.09	300
-0.0760704	300
-0.0780531	300
-0.0814315	300
0	340.036
-0.00359708	326.546
-0.00669908	316.393
0.0416461	300
0.0386098	300
0.0468842	300
0.0491084	300
0.0300925	300
0.0351763	300
0.0290104	306.159
0.0162716	307.498
0.198794	300.001
0.195867	300.002
0.208833	315.471
0.201404	316.767
0.21	315.392
0.204984	317.011
0.201666	316.823
0.198933	300
0.205752	300
0.20185	300
0.201777	300
0.194317	300
0.195078	300
0	340.013
-0.00375707	323.189
-0.00544658	317.005
-0.00861704	309.344
-0.00438631	320.373
-0.00814076	308.327
0.0735554	300
0.0775779	300
-0.0820678	300
-0.0820547	300
0.0360094	300
0.0143451	307.018
0.0967099	300
0.0995358	300
0.0960466	300
0.094153	300
0.091474	300
0.0391658	300
0.0358778	300
0.195179	300
0.0766714	300
0.0787762	300
0.069107	300
0.075325	300
0.08226	300
0.0843205	300
0.0747218	300
0.0832895	300
-0.0739247	300
0.044106	319.669
0.0375504	335.556
0.0320216	338.226
-0.0562616	300
-0.0596231	300
-0.0601816	300
-0.0639923	300
0.0374453	318.448
0.192243	300
0.0440362	309.8
0.0453256	309.136
0.0373861	312.121
0.0355902	318.795
0.0374447	312.202
0.0388633	335.179
0.0401042	334.718
0.0371297	336.024
0.0374174	336.059
0.186819	300
0.186124	300
0.186426	300
0.184122	300
0.186361	300
0.208663	300
0.202131	300
0.202285	300
0.17379	300
0.173135	300
0.183409	300
0.182791	300
0.038147	336.67
0.0370878	336.043
0.031407	339.213
0.0417423	333.256
0.0457093	334.98
0.200112	300
0.204766	300
0.21	300
0.202256	300
0.202224	300
0.18192	300
0.179616	300
0.149292	300
0.143815	300
0.171855	300
0.169519	300
0.161994	300
0.168092	300
0.169003	300
0.0658349	319.861
0.0607215	327.344
0.0386246	317.586
0.0461048	308.981
0.21	300
0.206209	300
0.208831	300
0.204176	300
0.203281	300
0.21	300
0.20032	300
0.2055	300
0.200209	300
0.0656362	314.77
0.0530545	314.153
0.0387616	313.051
0.0345291	326.538
0.0385246	314.573
0.0369635	336.251
0.0456098	333.403
0.199216	300
0.0652787	314.935
0.0552569	315.71
0.115039	300
0.111238	300
0.116407	300
0.114902	300
0.105002	300
0.105101	300
0.202154	300
0.201278	300
0.21	300
0.203347	300
0.21	300
0.202376	300
0.204699	300
0.202293	300
-0.0049019	323.375
-0.00798893	312.869
-0.00660245	316.459
0.00550869	300
-0.00982695	300
-0.0134852	300
-0.0116611	300
-0.0125839	300
-0.0829492	300
-0.0822432	300
-0.0821779	300
-0.0841105	300
-0.09	300
-0.0821254	300
-0.0820681	300
-0.00839441	309.121
0.201872	300
0.197286	316.514
0.201281	300
0.200346	300
0.00737826	305.766
-0.0122374	300
-0.016957	300
-0.0212787	300
-0.0824418	300
-0.0887167	300
-0.0824233	300
-0.09	300
0.0205569	300
-0.0810445	300
-0.085361	300
-0.0809296	300
-0.00789923	313.539
-0.00774443	314.032
0	340.032
-0.00668808	317.578
-0.00788641	313.553
-0.00789877	313.523
-0.00852991	309.788
-0.0116544	306.104
-0.00816214	311.416
-0.0812351	300
-0.0824241	300
-0.0824575	300
0.201504	300
0.199398	300
-0.0809676	300
-0.0821052	300
0.202514	300
0.208573	300
0.0448258	312.811
0.0403501	320.892
0.0483223	316.135
0.196842	300
0.208652	300
0.202471	300
0.200827	300
0.202732	300
0.14286	300
0.209799	300
0.164323	300
0.161217	300
0.149694	300
0.145892	300
0.157173	300
0.118295	300
0.1244	300
0.137185	300
0.13301	300
0.130484	300
0.0627805	310.733
0.196592	300
0.196804	300
0.1928	300
0.198102	300
0.197476	300
0.193958	300
0.197763	300
0.196353	300
0.195896	300
0.200265	300
-0.0777553	300
-0.0729924	300
-0.0726442	300
-0.0818213	300
0.0549737	308.288
0.0524692	311.879
0.0514014	308.734
0.12732	300
0.135309	300
-0.0532115	300
-0.0481887	300
-0.0328601	300
-0.031583	300
-0.0354322	300
0.193397	300
0.193371	300
0.193683	300
0.193512	300
0.193421	300
0.193406	300
0.196059	300
-0.079925	300
-0.0128218	305.154
-0.0160096	301.374
-0.00288436	302.566
-0.00616514	301.249
-0.0122318	300.98
-0.0137243	301.099
-0.0080348	313.35
-0.0772125	300
-0.0778111	300
-0.0727329	300
-0.0795769	300
0.0959275	300
0.0981959	300
0.103828	300
0.104935	300
-0.0775383	300
0.0204839	300
0.0110443	300
-0.0733896	300
-0.0733983	300
-0.0510395	300
-0.0134184	300
0.0146035	302.32
0.00855975	304.496
0.0486059	300
0.192993	314.389
0.192974	314.35
0.197216	317.077
0.194742	309.742
0.194789	309.62
-0.0808673	300
-0.00956214	307.984
-0.012993	304.63
-0.00825121	309.444
-0.0164719	301.219
-0.0159008	301.741
-0.0115106	308.586
-0.0769444	300
-0.0776228	300
-0.0821157	300
-0.0765697	300
-0.0811074	300
-0.0794041	300
-0.0357162	300
-0.0328644	300
-0.0341329	300
-0.0374775	300
-0.0374015	300
0.071025	300
-0.0198025	300
-0.0216581	300
-0.0213012	300
-0.00953328	300
-0.00196871	300
-0.00336164	300
-0.0164631	300
0.00801798	300
-0.0117545	307.676
-0.0159438	302.15
-0.00843456	312.236
0.0342189	304.876
0.105376	300
0.113118	300
0.193584	300
0.194383	300
0.195969	300
0.193508	300
-0.0655768	300
-0.0475696	300
-0.0486006	300
-0.0423272	300
0.0369473	336.254
0.0527171	330.064
0.0543593	329.663
0.0534278	330.043
-0.0750707	300
-0.0749788	300
0.041856	312.083
0.0560125	312.462
0.0545608	332.617
0.0482686	334.597
-0.0531229	300
0.0533143	308.002
-0.048173	300
-0.0520259	300
-0.0550096	300
-0.0592285	300
-0.0622423	300
-0.0569537	300
0.0650346	322.405
0.176923	300
0.0621217	324.886
0.0644112	322.693
0.0651067	321.4
0.19099	300
0.198938	300
0.131669	300
0.195044	300
0.192942	300
0.194836	300
0.194955	300
0.0540497	329.528
0.0522786	331.502
0.0455531	333.231
0.0434288	334.42
0.0466521	333.272
0.0455607	335.036
0.120897	300
-0.0825502	300
-0.0740202	300
0.187949	300
0.195557	300
0.200037	300
0.197899	300
0.045907	332.959
0.0400995	310.046
0.0434477	308.526
0.037811	311.081
0.0382256	306.169
0.0653089	300
0.0724654	300
0.0683202	300
0.0826041	300
0.0873399	300
0.0841575	300
-0.0753777	300
-0.0783791	300
-0.0782643	300
0.0382145	300
0.105969	300
0.0984688	300
0.0975636	300
-0.0142391	300.91
0.0234005	302.816
0.0147245	306.835
0.0058955	302.718
0.00788148	300.843
0.031283	300
0.0312833	300
-0.0813818	300
0.0769902	300
-0.0733605	300
-0.00153703	303.592
-0.00543336	302.45
0.00477156	305.216
-0.0138722	300.698
-0.0105269	308.376
-0.00938503	310.099
-0.00976004	309.472
-0.0158723	301.599
-0.0162571	301.508
-0.0130149	305.662
-0.0153728	302.377
-0.015453	302.206
-0.0785251	300
-0.077317	300
0.196564	300
0.206674	300.124
0.197439	300.08
0.195326	300.005
0.193928	300.004
0.194373	300.026
0.197841	300
0.193896	300
0.201991	301.172
0.198659	300.009
0.194355	300.006
-0.0810366	300
-0.0795592	300
-0.0762237	300
-0.0760095	300
-0.0735099	300
-0.0744955	300
-0.0744272	300
-0.0803016	300
-0.0165656	300.981
-0.0178656	300.547
-0.0793356	300
-0.0738137	300
-0.0738435	300
-0.073658	300
-0.0776754	300
-0.0808667	300
-0.0816161	300
-0.0753383	300
-0.0742159	300
-0.0787177	300
0.198999	301.728
-0.0738663	300
-0.0711077	300
-0.0806523	300
-0.0891375	300
-0.09	300
-0.0812176	300
-0.0805266	300
-0.0812615	300
-0.08054	300
-0.0806578	300
-0.080616	300
-0.073899	300
-0.0736665	300
-0.0839236	300
-0.09	300
-0.09	300
-0.0803438	300
-0.0826645	300
-0.0825084	300
-0.0835546	300
-0.083848	300
-0.0739338	300
-0.073714	300
-0.0820318	300
-0.0765496	300
-0.0742788	300
-0.0143234	303.342
-0.0109337	308.152
-0.0157103	302.353
-0.0080517	312.317
-0.0145286	302.982
-0.0149429	303.002
0.201878	305.49
0.198471	301.489
0.192288	304.984
0.195665	303.52
0.200736	305.408
0.192784	305.627
0.192874	314.062
0.192901	314.349
0.194628	309.817
0.191994	317.546
0.192901	314.381
0.198942	317.114
0.193108	316.67
0.0966057	300
0.111738	300
0.112086	300
0.110466	300
0.105773	300
-0.0730266	300
-0.0780788	300
-0.0720707	300
-0.0677954	300
-0.0753841	300
-0.0665907	300
-0.0732048	300
-0.0735589	300
-0.0781269	300
-0.0804689	300
-0.0726298	300
-0.0723748	300
-0.0723095	300
-0.0756134	300
-0.0706051	300
-0.0725985	300
-0.0732252	300
-0.0804068	300
-0.0731282	300
-0.0740566	300
-0.0741168	300
-0.0740605	300
-0.0763909	300
-0.0725453	300
-0.0165957	301.369
-0.00838109	312.01
-0.0123899	306.917
-0.0160728	300.426
-0.0164656	301.185
-0.0257649	300.089
-0.0261111	300.028
-0.0731712	300
-0.0159051	302.134
-0.0158582	302.177
-0.0130683	305.792
-0.012468	306.558
-0.017124	301.84
-0.017113	301.846
-0.0800195	300
-0.0738518	300
-0.0768102	300
-0.0738525	300
-0.0738227	300
-0.0728765	300
-0.073712	300
-0.0809444	300
-0.0737909	300
-0.0746249	300
-0.0741625	300
-0.0731054	300
-0.0735589	300
-0.0732211	300
-0.0735895	300
0.0177483	306.426
0.0203732	300.865
0.0240704	303.678
0.195099	300.26
0.196613	300.133
0.194851	300.087
0.199007	305.301
0.201469	301.558
0.192668	301.036
0.201039	300
0.192205	300
0.1978	300
0.190328	300
0.191296	300
0.194247	300
0.193966	300
0.201644	300
0.1935	300
0.193443	300
-0.0801554	300
-0.0116389	304.755
-0.0164986	300.537
-0.0163763	301.159
-0.0236569	300.331
-0.0225268	300.522
-0.0170685	301.644
-0.0166864	301.194
-0.0129113	305.875
-0.0178597	300.873
-0.0167292	301.306
0.00648573	304.299
-0.0147125	300.584
-0.0137843	300.434
-0.0733592	300
-0.0816352	300
-0.0717504	300
-0.0733323	300
-0.0739556	300
-0.0782526	300
-0.0719082	300
-0.0725075	300
0.0262741	300.57
0.0219838	300.681
-0.077361	300
-0.0736984	300
-0.0741282	300
-0.0751787	300
-0.0789327	300
-0.0746758	300
0.0160817	300
0.0203279	300
0.0222601	300
0.0249121	300
0.0214421	300
0.0208858	300
0.00431502	300.667
-0.000730975	300.195
-0.0043118	300.862
-0.0145001	300.877
-0.00182075	300
-0.0783023	300
0.201358	300
0.192763	300
0.193046	300
0.193725	300
0.100787	300
0.0861065	300
0.0911696	300
0.0974164	300
0.0847554	300
0.0588617	300
0.0583568	300
0.0500222	300
0.0676076	300
0.0572956	300
0.0596871	305.408
0.0616162	307.83
0.0454599	305.494
0.0421197	305.361
0.0453428	306.428
0.0460367	307.991
0.0508931	331.076
0.0527692	330.69
0.0392227	335.786
0.198141	300
0.194867	300
0.195507	300
0.186253	300
0.18984	300
0.124079	300
0.113017	300
0.0539683	329.26
0.187387	300
0.199227	300
0.172623	300
0.180467	300
0.174949	300
0.173085	300
0.16905	300
0.0599272	326.096
0.0596475	326.679
0.0602731	325.875
0.0604146	325.797
0.0753749	309.68
0.075596	309.376
-0.0499562	300
0.0474765	307.6
0.0468777	306.22
0.0527283	307.378
-0.0617927	300
-0.057133	300
0.0688779	307.064
0.0694202	310.351
0.0717923	305.368
0.0558151	315.331
0.063946	311.696
0.042278	312.669
0.0440799	310.019
0.0461781	307.833
0.0431984	311.02
0.0478544	308.102
0.0536676	304.584
0.0536404	305.045
0.0469502	306.834
0.0538402	304.163
0.0416571	310.935
0.0435482	310.742
0.0483822	304.259
-0.0737093	300
-0.0815249	300
-0.0733296	300
-0.0730753	300
0.0470636	331.844
0.0497224	329.702
-0.0399918	300
-0.0387952	300
0.176388	300
0.182269	300
0.192653	300
0.0438718	332.872
0.0492962	329.927
0.0483015	330.747
0.193794	300
0.193674	300
0.199815	300
0.193671	300
-0.00830533	300
-0.0790219	300
-0.0744974	300
-0.0813299	300
-0.0717572	300
-0.071034	300
-0.0733777	300
-0.0737448	300
-0.0766436	300
-0.0763612	300
0.194286	315.968
0.200605	313.828
0.0237821	300.725
-0.030753	300
-0.0242303	300
-0.016245	300
0.00915257	300
0.0191234	300
0.00747578	300
0.0042406	300
-0.0730026	300
-0.076787	300
0.209894	300
-0.016844	300.016
-0.0084426	300.804
0.201409	300
0.192445	300
0.198434	300
0.195096	300
0.193759	300
0.197877	300
0.196829	300
0.196675	300
0.199869	300
0.203092	300
0.202698	300
0.194346	300
0.193185	300
0.194297	300.001
0.194751	300
0.193239	300
0.199059	300
0.193477	300
0.195127	300
0.191732	300
0.200784	300
0.194919	300
0.194559	300
0.194367	300
0.194823	300
0.15947	300
0.155427	300
0.161561	300
0.171876	300
-0.072329	300
-0.0816793	300
-0.0732086	300
-0.072461	300
0.192998	300
0.200596	300
0.192802	300
0.194667	300
0.190721	300
0.133593	300
-0.0357589	300
-0.0334472	300
-0.0346105	300
-0.0408865	300
-0.0435659	300
0.122973	300
0.136007	300
0.134367	300
0.0725402	306.029
0.0711294	304.917
0.07031	306.976
0.0664832	306.285
0.0704813	310.302
0.0755093	308.82
0.188239	300
0.186525	300
-0.0677817	300
-0.0691572	300
-0.0693952	300
-0.0823996	300
-0.0703937	300
-0.0650073	300
-0.0620753	300
-0.0677054	300
-0.0642739	300
-0.0641428	300
0.162727	300
0.165445	300
-0.0175059	300
-0.0165588	300
-0.0179507	300
-0.0248204	300
0.186955	300
0.184751	300
0.189479	300
0.18322	300
0.18627	300
0.185775	300
0.193063	300.001
0.190171	300.001
0.188641	300
0.194694	300
0.197507	300
0.192655	300
0.186943	300
0.19393	300
0.200807	300
0.197051	300
0.197043	300
0.197442	300
0.197053	300
0.197049	300
0.197463	300
0.19415	300
0.19873	300
0.193301	300
0.186096	300
0.188148	300
0.193056	300
0.193532	300
0.193526	300
0.195913	300
0.187601	300
0.189299	300
0.194434	300
-0.0132466	300.007
-0.0088342	300.057
-0.0127392	300.002
-0.0264522	300.019
-0.0248938	300.198
-0.0265492	300.018
0.190065	300
-0.0662034	300
-0.0742299	300
-0.0647402	300
-0.0762814	300
-0.069796	300
0.00451454	300
0.00831081	300
0.00918638	300
0.0170442	300
0.0109517	300
-0.00559009	300
-0.00561568	300
-0.00444211	300
-0.00459115	300
0.0344334	301.262
0.0314544	300.462
0.195702	300.014
0.201961	300.058
0.193164	300
0.184479	300
0.184655	300
0.190445	304.024
0.187803	301.543
0.187987	301.138
0.19153	305.853
0.0520071	305.751
0.0758339	309.152
-0.0708554	300
-0.0671293	300
-0.0702348	300
-0.0689961	300
0.0446147	303.149
0.0424871	305.895
0.0378157	307.752
0.0420161	302.928
0.0417031	308.54
0.0451088	304.147
0.0477493	302.871
0.0525093	301.943
-0.0743627	300
-0.0742191	300
-0.0742196	300
-0.0746263	300
-0.0117489	300
-0.018494	300
0.193672	300
0.202018	300
0.187721	300
0.193545	300
0.201963	300
0.20227	300
0.199543	300
0.202288	300
0.194519	300
0.204709	300
0.21	300
0.0494304	330.116
0.189548	300
0.18509	300
0.188627	300
0.172413	300
-0.0737921	300
-0.0287876	300
0.0588825	323.645
0.0593629	323.717
-0.082466	300
-0.0777139	300
-0.0742041	300
-0.0636428	300
-0.0629114	300
-0.070706	300
0.0557281	304.512
0.0553975	306.961
0.0496493	308.951
0.0454344	316.784
0.0443023	310.437
0.0686228	303.527
0.176272	300
0.185437	300
0.181314	300
0.170272	300
-0.0741408	300
-0.0751086	300
-0.0736564	300
-0.0799914	300
-0.0670603	300
-0.0648764	300
-0.0643602	300
-0.066498	300
-0.0702429	300
0.0547114	329.168
0.0601701	325.902
0.0683286	317.916
0.071782	313.5
0.0740261	311.274
0.167092	300
0.163901	300
0.150377	300
0.194684	300
0.186169	300
0.185533	300
0.194852	300
0.0550653	328.559
0.0609206	322.387
0.0639635	322.337
0.063006	321.924
0.0451952	333.296
0.0397862	334.882
0.0392989	334.878
0.161284	300
0.171149	300
0.186456	300
0.0637777	300
0.0873421	300
0.0834518	300
0.0972549	300
0.185159	300
-0.0756295	300
-0.0766062	300
-0.0754992	300
-0.0754201	300
-0.0763638	300
0.00109651	300
0.00529551	300
0.0191306	300
0.010551	300
0.109949	300
0.0279858	303.987
0.0325079	300.348
0.0698423	300
0.064026	300
0.0628866	300
0.013952	300.616
0.0196594	300.656
-0.0819619	300
-0.0749545	300
-0.0664968	300
-0.0151966	300.508
-0.00794264	301.205
0.000401608	303.039
0.00327238	300.589
-0.0219825	300.606
-0.0239942	300.224
-0.024946	300.115
-0.0248698	300.117
-0.0183936	301.393
-0.0201838	300.715
-0.0236178	300.257
-0.0184962	300.339
-0.0141282	301.335
-0.018785	300.105
-0.0188009	300.097
-0.0187361	300.113
0.18587	300
0.190826	300
0.184177	300
0.186035	300
0.189286	300
0.191144	300
0.185761	300.139
0.187221	300.395
0.191247	300
0.194163	300
0.18943	300
0.183685	300.298
-0.0669616	300
-0.0672122	300
-0.0649043	300
-0.0647389	300
-0.065356	300
-0.067958	300
-0.0735581	300
-0.0653858	300
-0.072328	300
-0.0809488	300
-0.0679276	300
-0.0706153	300
-0.0731501	300
-0.0700881	300
-0.017246	301.813
-0.0739545	300
-0.0263471	300.02
-0.0213201	300.508
-0.0248155	300.064
-0.0274098	300.011
-0.0210847	300.743
-0.02068	301.122
-0.0651787	300
-0.0740629	300
-0.0651724	300
-0.0628965	300
-0.0723059	300
-0.0784424	300
-0.072041	300
-0.0665468	300
-0.0635736	300
-0.0724787	300
-0.0712218	300
-0.070762	300
-0.0714816	300
-0.0734487	300
-0.0816076	300
-0.0766864	300
-0.0724197	300
-0.0735562	300
-0.073069	300
-0.0646915	300
-0.066797	300
-0.0171311	301.836
-0.0172145	301.818
-0.0157421	302.84
-0.0723427	300
-0.0667998	300
-0.0712002	300
-0.0640298	300
-0.068811	300
-0.0803681	300
-0.0247309	300.669
-0.0190682	302.103
-0.0278426	300.082
-0.0276932	300.101
-0.0278992	300.096
0.184554	300
0.192432	300
-0.0650265	300
-0.070911	300
-0.0678166	300
-0.064591	300
-0.0642442	300
-0.0630613	300
-0.0675752	300
-0.0639565	300
-0.0705849	300
-0.0711853	300
-0.064417	300
-0.0718718	300
-0.0735607	300
-0.0734486	300
-0.0687026	300
-0.0755709	300
-0.065525	300
-0.0627808	300
-0.0720282	300
-0.0673855	300
-0.0642268	300
-0.057431	300
-0.0581746	300
-0.0676898	300
-0.0567133	300
-0.0568932	300
-0.073919	300
-0.0692362	300
-0.0647594	300
-0.0637743	300
-0.0670179	300
-0.0693789	300
-0.0687807	300
-0.0727177	300
-0.0637822	300
-0.0215443	300.553
-0.0200211	300.758
-0.0168861	301.429
-0.0238423	300.13
-0.0272439	300.108
-0.0249131	300.125
-0.0279563	300.005
-0.0292353	300.004
-0.0335285	300.004
-0.0338679	300.001
-0.0373661	300
-0.0284769	300.017
-0.0419887	300
0.184133	300
-0.0227419	300.315
-0.0227294	300.316
-0.021699	300.569
-0.0204675	301.046
-0.0644705	300
-0.0647953	300
-0.068113	300
-0.0650316	300
-0.0647701	300
-0.0648333	300
-0.0607161	300
-0.0672522	300
-0.064147	300
-0.0677152	300
-0.0645809	300
-0.0727785	300
-0.0676219	300
-0.0701337	300
0.0409392	301.809
0.0422884	302.617
0.0450139	300.922
0.0478595	302.25
0.00830854	300.575
0.0135135	300.712
0.185206	300.003
0.18473	300.002
0.187666	300.006
0.184957	300.009
0.191855	300.028
0.186108	300.045
0.180856	302.127
0.181949	300.125
0.182121	300
0.184366	300
0.184506	300
0.183737	300
0.185787	300.011
0.189767	300.005
-0.0743197	300
-0.0738932	300
-0.0152146	300.519
-0.0190463	300.923
-0.0237613	300.159
-0.0263285	300.013
-0.0247203	300.059
-0.0237919	300
-0.022561	300.433
-0.0252146	300.062
-0.025004	300.106
-0.0323522	300.022
-0.0227935	300.334
-0.0104029	300.404
-0.0110969	300.093
-0.00115976	300.326
0.000923811	300.172
-0.0733333	300
0.0475024	300.938
0.0526855	300.516
0.0440229	301.006
0.0100457	300.213
0.00671488	300.079
0.00891958	300.028
0.0223191	300.494
0.0267246	300.186
0.0589095	300
-0.067824	300
-0.073378	300
-0.0723235	300
-0.0735549	300
0.0211391	300
0.024417	300
0.0205304	300
0.0259812	300
0.00117285	300
-0.00322501	300
-0.0683846	300
0.109306	300
0.1002	300
0.0970832	300
0.101331	300
0.0897128	300
0.0642124	300
0.0744169	300
0.0792132	300
0.0484695	300
0.156526	300
0.157161	300
0.154628	300
0.152149	300
0.0504743	332.261
0.0504086	332.164
0.052049	331.571
0.0508963	331.989
0.0541534	329.722
0.069328	316.048
0.069758	316.227
0.0708344	314.768
0.0718808	313.627
0.0609498	322.436
0.178275	300
0.170461	300
0.175643	300
0.176088	300
0.176562	300
0.184627	300
0.191262	300
0.183968	300
0.164945	300
0.163143	300
-0.0416914	300
-0.0628537	300
0.0615231	324.768
0.0618912	324.333
-0.0571146	300
-0.0526676	300
-0.0481885	300
-0.0528381	300
0.0589043	301.288
-0.0568269	300
-0.0279354	300
-0.0211326	300
0.178931	300
0.174723	300
0.182795	300
0.177863	300
0.178702	300
0.202284	300
0.195532	300
0.193551	300
0.201378	300
0.193668	300
-0.0648664	300
-0.0648396	300
-0.0665457	300
-0.0194257	300
-0.069806	300
-0.0649665	300
-0.0742161	300
-0.0650484	300
-0.0706378	300
-0.0680744	300
-0.0732791	300
-0.0629935	300
-0.0597632	300
-0.064703	300
-0.0633657	300
-0.0669216	300
-0.0764442	300
-0.0640771	300
-0.0620986	300
-0.0617526	300
-0.0609297	300
-0.058867	300
0.0758532	309.069
0.0760768	308.913
0.0699206	302.915
0.0595147	304.053
0.0636726	303.438
0.0614327	303.574
0.0617603	304.619
0.0605794	304.283
0.192658	314.429
0.185104	317.117
0.184046	316.934
0.183782	316.102
0.192801	314.297
0.184688	308.994
0.18362	307.118
0.191405	305.023
0.185307	304.261
0.189929	313.863
0.187092	300
0.185191	300
0.18584	300
0.00878485	300
0.185242	300
0.185507	300
-0.0183047	300.001
-0.0236952	300.004
0.18321	300
0.184805	300
0.185325	300
0.184305	300
0.189007	300
0.18232	300
0.188561	300
0.192662	300
0.197036	300
0.188505	300
0.188258	300
0.180433	300
-0.031465	300
-0.0299152	300
-0.0247937	300
0.152678	300
0.151271	300
0.156749	300
-0.0638395	300
-0.0595299	300
-0.0649362	300
-0.0688936	300
-0.0625148	300
-0.0569192	300
0.190531	300
0.190612	300
-0.030548	300
-0.0190285	300
0.122068	300
0.184052	300
0.184292	300
0.186019	300
0.189105	300
0.186105	300
0.189931	300
-0.0595436	300
-0.0614436	300
-0.0510437	300
-0.060636	300
0.156285	300
0.159577	300
-0.042414	300
-0.0415603	300
-0.0446257	300
0.184132	300
0.178705	300
0.174922	300
0.175211	300
0.187953	317.084
0.184735	300
0.177802	300
0.184991	300
0.195139	300
0.185574	300
0.182859	300
0.184194	300
0.188018	300
0.183644	300
0.182993	300
0.185122	300
-0.0248368	300.004
-0.0333157	300.003
-0.0421031	300
-0.0434227	300
0.177726	300
0.17561	300
0.00969703	300
0.015579	300
0.00727629	300
-0.00421578	300
-0.00199629	300
-0.0152774	300
-0.0122579	300
-0.00356314	300
0.0105355	300
-0.00500006	300
0.0144789	300.194
0.0154232	300.02
0.0123578	300.022
0.0116961	300.046
0.0101129	300.059
0.181017	309.028
0.181884	315.942
0.192885	314.368
0.182828	316.987
0.071566	301.353
0.0633455	303.008
0.0558227	303.261
0.0575422	302.573
0.0602032	302.025
0.0570236	302.411
0.0689492	317.641
0.0690499	317.566
0.0627825	323.48
0.0680527	318.603
0.0741773	311.182
-0.0644008	300
-0.0551084	300
-0.0538632	300
-0.0523345	300
-0.0601047	300
-0.0608323	300
-0.0659984	300
-0.0643368	300
-0.0740518	300
-0.0642074	300
-0.0666538	300
-0.06417	300
-0.0641572	300
-0.063539	300
-0.0722979	300
-0.063985	300
-0.0689011	300
-0.0670361	300
0.190017	300
0.187391	300
0.186254	300
0.185458	300
0.176006	300
0.181552	300
0.174231	300
0.185272	300
0.0758418	310.096
0.0768676	308.984
-0.0648461	300
-0.0640972	300
0.0552757	300.625
-0.0605328	300
0.0567877	328.829
0.0642384	322.608
0.0696454	316.984
0.146514	300
0.141961	300
-0.0460708	300
-0.0548171	300
-0.0526879	300
-0.0633849	300
-0.0529194	300
0.157444	300
0.17279	300
0.168354	300
0.174838	300
0.0522215	332.08
0.050211	330.538
0.0481898	330.651
0.0503869	332.698
0.051966	300.898
0.0717863	304.283
0.0729713	300
0.0839647	300
0.092336	300
0.183562	300
0.190943	300
0.184658	300
0.191568	300
-0.0243193	300.153
-0.0230529	300.238
-0.0230199	300.24
0.00465627	300
0.00987719	300
0.00883571	300
0.0156604	300
0.0347335	300
0.0344218	300
0.0375548	300
0.00148446	300.012
-0.00304284	300.031
-0.0067446	300.001
-0.00405012	299.999
0.0176116	300.343
0.0225388	300.031
0.0121094	300.03
0.0346748	300.139
0.0391174	300.07
0.0370633	300.298
0.0377902	300.009
0.0637554	300
0.0637735	300
0.0496759	300
0.0438136	300
0.0518218	300
0.0523482	300.254
-0.0670382	300
-0.0619811	300
-0.0625618	300
-0.0612205	300
-0.0593463	300
-0.00979422	300.132
-0.0105879	300.082
-0.00581716	300.13
-0.0235874	300.587
-0.0296082	300.011
-0.0284549	300.067
-0.0292854	300.026
-0.0353994	300.002
-0.0264346	300.096
-0.0317119	300.03
-0.0287411	300.049
-0.0305467	300.019
-0.0296821	300.116
-0.0304221	300.02
-0.0585826	300
-0.0576276	300
0.179917	300
0.183305	300
0.193278	300.444
0.189109	300.229
0.0236202	300.497
-0.0644521	300
-0.0312298	300.037
-0.0237028	300.225
-0.0338339	300.005
-0.0236054	300.299
-0.022959	300.249
-0.0283994	300.042
-0.0340319	300.002
-0.0295027	300.047
-0.0175061	300.364
-0.0152851	300.838
-0.0270509	300.006
-0.0256776	300.006
-0.025828	300.003
-0.0270091	300.127
-0.0627192	300
-0.0561898	300
-0.0561905	300
-0.0549487	300
-0.0672966	300
-0.0659338	300
-0.0655765	300
-0.0664667	300
-0.067201	300
-0.0589963	300
-0.0525176	300
-0.0536199	300
-0.0608614	300
-0.0709428	300
-0.0585614	300
-0.0549942	300
-0.0573706	300
-0.0546591	300
-0.0532719	300
-0.0596249	300
-0.06061	300
-0.0606754	300
-0.0606342	300
-0.0606643	300
0.189654	300
0.183548	300
0.184306	300
0.188965	300
0.184703	300
0.0688022	300
0.0758659	300
0.184328	300
0.179211	300
0.183863	300
0.184984	301.402
-0.0590778	300
0.173046	303.073
0.176372	302.825
0.173336	303.384
0.179742	300.987
0.172906	304.282
0.182037	300.078
0.183648	300.922
0.178422	300.202
0.17013	300
0.170522	300
0.173527	300
0.174864	300
0.178194	300
0.0765123	300
0.0739731	300
-0.0606109	300
-0.0616381	300
-0.0621106	300
-0.0513646	300
-0.0519471	300
-0.0409681	300
-0.0410255	300
-0.0415605	300
-0.0539394	300
-0.060257	300
-0.0551738	300
-0.0594309	300
-0.0524327	300
-0.0747793	300
-0.079171	300
-0.0808038	300
-0.0292856	300.086
-0.0270281	300.101
-0.0334509	300.005
-0.0346212	300.001
-0.0338966	300.005
-0.030203	300.053
-0.0311481	300.014
-0.0297343	300.061
-0.024013	300.216
-0.0327032	300.008
-0.032777	300.008
-0.0307432	300.045
-0.0577276	300
-0.0637365	300
-0.0552605	300
-0.0545053	300
-0.0102305	300
-0.019076	300.028
-0.0220689	300
-0.0221193	300
-0.052871	300
-0.0615267	300
-0.055124	300
-0.0544449	300
-0.0626618	300
-0.0577689	300
-0.0496208	300
-0.0521169	300
-0.0645666	300
-0.0641827	300
-0.0648233	300
0.0132798	300.018
0.0234912	300.024
0.0204722	300.001
0.195974	300.092
0.194808	300.096
0.196567	300.11
0.195819	300.135
0.195817	300.099
0.197408	300.731
0.181803	300
0.174195	300
0.172967	300
0.172421	300
0.175249	300
0.18098	300
0.193438	300.003
-0.0378255	300.023
-0.0310427	300.015
-0.0415864	300
-0.0367035	300.002
-0.0428948	300
-0.046481	300
0.0629209	300.051
0.0465425	300.6
-0.00147589	299.999
-0.00238234	300
0.0320566	300.003
0.0264702	300
0.02915	300
0.0273113	300.011
0.0361542	300
0.0588638	300
0.0529849	300
0.0711246	300
-0.0583467	300
0.0311972	304.903
0.0363602	304.236
0.0426884	301.437
0.0348171	301.928
0.0377355	302.36
-0.0182016	300
-0.0181661	300
-0.0249138	300
-0.0182306	300
0.108652	300
0.104332	300
0.120636	300
0.114947	300
0.111137	300
0.0330437	300
0.0228887	300
0.0255961	300
-0.00791331	300
-0.00125864	300
-0.00576688	300
-0.000454092	300
0.176275	300
0.180527	300
0.0768082	300
0.0843507	300
0.0796429	301.547
0.0798817	302.495
0.0815246	301.505
0.082267	301.718
0.0559213	300.225
0.0527748	300.09
0.0458552	300.678
0.0630539	300.349
0.0553436	331.491
0.0633693	326.844
0.0645533	325.833
0.0657277	325.468
0.0657512	324.863
0.0674476	325.766
0.0669859	324.575
0.0673895	325.166
0.0670226	325.912
0.0589003	329.134
0.174001	300
0.156631	300
0.122431	300
0.128827	300
0.11466	300
0.11396	300
0.0691144	324.658
0.0692626	317.474
0.179373	300
0.164352	300
0.156755	300
0.165557	300
0.174434	300
0.177772	300
0.0877809	303.467
0.0871785	304.084
0.0756452	314.569
0.073963	317.777
0.0765019	314.13
0.0761982	314.206
0.0726299	315.826
0.0778503	301.335
0.0752463	304.237
0.0815429	301.401
0.173781	300
0.17484	300
-0.0479337	300
-0.0284051	300
0.160571	300
0.152906	300
0.181694	300
0.174843	300
0.178171	300
0.185632	300
0.193632	300
-0.0638869	300
-0.05631	300
-0.0534136	300
-0.0609532	300
-0.054925	300
-0.059221	300
-0.0553506	300
-0.0584018	300
-0.0435068	300
0.0802219	300.825
0.0736013	300.684
0.0828611	300.834
0.0701655	300.734
0.0647864	300.431
0.178303	317.063
0.0135749	300
0.017663	300
0.1748	300
0.176013	300
0.174191	300
0.175358	300
0.174944	300
0.16555	300
0.173948	300
0.172783	300
0.172545	300
0.17448	300
0.174183	300
0.176454	300
0.174895	300
0.18589	300
0.183454	300
0.178646	300
0.178416	300
0.183733	300.003
0.173358	300.001
0.172992	300
0.172986	300
0.172185	300
0.172241	300
0.182033	300
0.180611	300
0.184381	300
0.121787	300
0.136193	300
0.123557	300
0.143016	300
0.133363	300
0.0916765	300.908
0.094141	300.458
-0.0615081	300
-0.0636972	300
0.154275	300
0.146661	300
0.144431	300
-0.0531449	300
0.165785	300
0.173067	300
0.180179	302.363
0.171206	300
0.169998	300
0.17309	300.011
0.174972	300.045
0.175908	300.02
0.175208	300
0.173329	300
0.173312	300
0.171277	300
0.182432	300
0.174188	300
0.177592	300
0.176715	300
0.172993	300
0.179874	300
0.174741	300
0.173377	300
-0.0173888	300
-0.00568574	300
-0.0061335	300
-0.00193057	300
0.176697	313.321
0.178263	315.914
0.181753	316.716
0.175743	316.295
0.169606	317.264
0.0647741	300.359
0.175118	300
0.177434	300
0.173814	300
-0.0488117	300
-0.0440964	300
-0.0383152	300.004
-0.0429473	300
-0.0458387	300
-0.0602481	300
-0.0502291	300
-0.0523171	300
-0.0507949	300
-0.0509297	300
-0.050077	300
-0.0483301	300
-0.00341854	299.999
-0.0511647	300
-0.050576	300
-0.0616526	300
-0.055235	300
0.173569	300
0.173396	300
0.091147	300
0.162642	300
0.172295	300
-0.0154966	300
-0.021857	300
-0.0219919	300
-0.00532319	300
-0.0171211	300
-0.0130134	300
-0.0426526	300
-0.0354363	300
-0.0298993	300
-0.0524302	300
-0.0622221	300
-0.0625644	300
-0.0554987	300
-0.0503427	300
-0.0475999	300
0.0698254	300.099
0.0736858	300.059
0.0781447	312.38
0.0836494	306.933
0.0766031	308.968
0.0817627	308.371
0.0879496	304.438
0.082639	309.476
0.0791801	308.604
0.0716872	314.214
0.0690184	325.111
0.123074	300
0.122489	300
0.156886	300
0.074044	314.196
0.0722088	315.693
0.0717745	315.901
0.0729944	315.135
0.0767208	307.495
0.0791305	305.173
0.0837415	304.42
0.077254	305.676
0.0745167	309.764
0.0848259	300.897
0.0296556	300
0.174021	300
0.172683	300
0.181155	300
0.0093473	300
0.00332967	300
0.014779	300
0.0150777	300
0.0288766	300
0.0339082	300
0.0109901	300
0.026185	300
0.0305902	300
-0.0182225	300
-0.0183127	300
-0.030179	300
-0.0287409	300
-0.0280681	300
-0.0357157	300
-0.0517423	300
0.0586493	300
0.0726584	300
0.0687639	300
0.076255	300
0.0562549	300
0.0258258	300
0.04215	300.005
-0.00649105	300
-0.00657821	300
-0.00621742	300
-0.00679896	300
-0.0389157	300
-0.042726	300
-0.0351503	300.01
-0.045636	300
-0.0429265	300
-0.0420634	300
-0.041745	300.001
-0.0451599	300
-0.0485428	300
-0.0405637	300.001
-0.0476719	300
-0.0416066	300
0.166534	300
0.166688	300
0.166668	300
0.181639	300.001
0.181297	300.001
0.180587	300.001
0.182707	300.001
0.181915	300.001
0.171146	300
0.170107	300
0.171363	307.115
0.168483	301.094
0.175318	301.496
0.168461	300.371
0.169232	300.372
0.169178	300.332
0.173071	300
0.182444	300
0.172756	300
0.0278488	300
-0.0573131	300
-0.0495833	300
-0.0496744	300
0.0109162	300.018
0.00397454	300.003
-0.00375715	300.001
-0.0612269	300
-0.0571089	300
-0.0458684	300
-0.0453861	300
-0.0453047	300
-0.044044	300.001
-0.0374951	300.002
-0.0346082	300.005
-0.0475699	300
-0.0355739	300
-0.0381547	300
-0.0361298	300.002
-0.0377075	300.002
-0.0396524	300.002
-0.035523	300.009
-0.0366802	300.002
-0.0361324	300.003
-0.0347037	300.004
-0.0335036	300.006
-0.0446081	300
-0.0412904	300.001
-0.0453281	300
-0.0486036	300
-0.0443958	300.001
-0.0407104	300
-0.0408096	300
-0.0326038	300
-0.0605757	300
-0.048408	300
-0.0498278	300
-0.0498106	300
-0.045703	300
-0.0478267	300
-0.0400936	300
-0.054173	300
0.169007	300
0.172548	300
0.170932	300.384
0.170873	300.166
0.172326	303.312
0.168555	300.85
0.170444	304.422
0.166251	300.33
0.158313	301.662
0.158308	301.66
0.158307	301.673
0.158308	301.662
0.160389	300.081
0.169748	300.013
0.163259	300
0.16115	300
0.0718247	300
0.075201	300
-0.0316236	300
-0.0361085	300
-0.0354982	300
-0.0335082	300
-0.0354437	300
-0.0358454	300
-0.0355495	300
-0.0356087	300
-0.0241121	300
-0.0182405	300
-0.0402711	300
-0.0407702	300
-0.0434831	300
-0.0471763	300
-0.0275299	300
-0.0265613	300
-0.057938	300
-0.0562015	300
-0.0554096	300
-0.0519415	300
-0.0449543	300
-0.0522467	300
-0.0368223	300.003
-0.0413545	300
-0.0448919	300
-0.0451921	300
-0.0233741	300
-0.0223507	300
-0.0168907	300
-0.0216447	300
0.0139319	300
0.00923218	300
-0.0422755	300
-0.038602	300
-0.0439846	300
-0.041461	300
-0.0436662	300
0.0326511	300
0.167783	300.31
0.167737	300.341
0.168295	305.823
0.164747	311.56
0.166814	313.75
0.165446	314.573
0.166073	300
0.163436	300
0.169176	300
0.161991	300.009
0.173406	300
0.16046	300
-0.0415987	300
-0.0356452	300
-0.00630634	300
-0.00506005	300
0.039653	300.005
0.0564155	300.065
0.0511747	300.001
0.0604826	300.001
0.016209	300
0.00651219	300
0.0030969	300
-0.0022355	299.999
0.0773507	300.006
0.0662115	300
0.057736	300
-0.0619309	300
-0.0588569	300
-0.0545925	300
-0.0552938	300
-0.053187	300
0.102556	300
0.120853	300
0.0200958	300.019
0.0112177	300.023
0.0164803	299.999
0.0107949	299.999
0.0182539	300
0.021267	300
0.0872527	300
0.0555234	300
0.0277334	300
0.04498	300
0.0384241	300
0.0479814	300
0.0486753	300
0.0488194	300
-0.00676943	300
0.161814	300
0.0705249	300
0.0763826	300
0.0659781	300
0.0641107	300
0.0530106	300
0.0523476	300
0.0525485	300
0.0827293	300
0.0727494	300
0.0137531	300
0.0107553	300
0.0163673	300
0.0246971	300
0.0888811	300.487
0.0831263	300.063
0.0874543	300.421
0.07062	324.695
0.0602086	300.057
0.0768648	300.014
0.0767547	300.019
0.0769097	300.014
0.0769206	300.014
0.0739171	315.19
0.0788972	320.994
0.082963	312.778
0.0672726	324.561
0.146635	300
0.162373	300
0.164116	300
0.172773	300
0.163223	300
0.163579	300
0.155928	300
0.144253	300
0.143677	300
0.137823	300
0.0703618	324.289
0.0819693	300.062
0.0682247	300.319
0.0876593	300.206
0.0847151	300.219
0.0777762	300.413
0.0855293	300.104
-0.03701	300
-0.0381029	300
-0.037945	300
0.073653	300.004
-0.0367638	300
-0.0283889	300
-0.0210313	300
-0.0126757	300
-0.0154171	300
-0.0240609	300
0.167567	300
0.160258	300
0.165485	300
0.173781	300
0.165437	300
0.160371	300
0.159803	300
0.158351	300
0.173359	300
0.173248	300
0.165879	300
0.159508	300
0.159066	300
0.158848	300
0.159726	300
-0.0487662	300
-0.044665	300
0.0764573	308.856
0.0900749	302.788
0.0937424	300.909
0.0961372	300.434
0.0879287	300.119
0.163898	310.905
0.174113	311.106
0.169732	315.735
0.166028	317.084
0.157618	312.911
0.041018	300
0.0344171	300
0.0517466	300
0.171672	300
0.174654	300
0.181855	300
0.177337	300
0.170771	300
0.167854	300
0.163072	300
0.166553	300
0.162834	300
0.174613	300
0.174452	300
0.147812	300
0.0868856	302.439
0.0826924	302.588
0.0752076	305.1
0.100892	300.962
0.105163	300.483
0.0913213	301.761
0.172403	300
0.165499	300
0.158102	300
0.156187	300
0.150996	300
0.156818	300
0.147711	300
0.154591	300
0.157928	300
0.152528	300
0.152819	300
0.160835	300
0.165544	300
0.169864	300
0.161838	300
0.163928	300
0.159786	300
0.170648	300
0.161688	300
0.163087	300
0.154704	300
0.163186	300
0.154971	300
0.158229	300
0.156386	300
0.1564	300
0.156718	300
0.159742	300
0.161186	300
0.167227	300
0.16609	300
0.175364	300
0.162166	300
0.162434	300
0.147911	300
0.149775	300
0.148529	300
0.0306107	300
0.0513336	300
0.157052	309.96
0.1549	317.225
0.16147	314.018
0.152128	314.294
0.159779	300
0.159699	300
0.160537	300
0.166404	300
0.159586	300
0.1135	300
0.0638694	300
-0.0510407	300
-0.0305562	300
-0.00182744	300
0.00618347	300
0.158297	301.663
0.148816	305.679
0.00820169	300
-0.00569278	300
0.0769347	300.014
0.0780008	314.387
0.0877385	316.005
0.0853805	318.449
0.0900958	316.302
0.144421	300
0.140628	300
0.160781	300
0.130664	300
0.130014	300
0.137497	300
0.122996	300
0.161929	300
0.172379	300
0.159839	300
0.161974	300
0.157802	300
0.0896015	308.068
0.0913108	300.256
0.0878388	300.306
0.0858041	300.004
0.0879837	300.006
0.0985439	300.149
0.0836638	300
0.0931383	300
0.053199	300
0.0651426	300
0.0728389	300
-0.0369134	300.002
0.0452665	300
0.0360818	300
0.0140584	300
0.0157465	300
0.00745619	300
0.0867469	300
0.0792303	300
0.0822804	300
0.112534	300
0.0676594	300.001
-0.016199	300
-0.0181973	300
-0.00489035	299.999
0.0319032	300
0.0430723	300
0.0583258	300
0.0674027	300
0.0497974	300
-0.00606119	300
-0.00474521	300
-0.0112822	300
-0.0195305	300
-0.020558	300
-0.0356002	300
-0.0417106	300
0.153221	300.005
0.16635	300
0.159948	300.001
0.15115	300.003
0.166815	300.599
0.158958	302.066
0.157388	301.592
0.155642	302.986
0.0466326	300
-0.0408106	300
-0.0401197	300
-0.039647	300
-0.0395018	300
-0.0333737	300
0.0099471	300
-0.00360664	300
-0.0368859	300
-0.0225174	300
-0.0225471	300
-0.0318043	300
-0.0579283	300
-0.0547112	300
-0.0512216	300
-0.057343	300
-0.0510738	300
-0.0433153	300
-0.0420635	300
-0.0458964	300
-0.0289789	300
-0.0395524	300
-0.0307602	300
0.160458	300
0.171378	300
0.168603	300
0.161817	300.01
0.169938	300.001
0.161777	300.003
0.170149	300.01
0.160296	300
0.1618	300
0.156942	300.305
0.143725	303.39
0.158243	301.655
0.144003	300.248
0.142554	300.319
0.148907	300.001
0.147489	300.001
0.148804	300.001
-0.047367	300
-0.0451791	300
-0.0442583	300
-0.0382742	300
-0.0437843	300
-0.04895	300
-0.0283047	300
-0.0172351	300
-0.0135986	300
-0.00607512	300
-0.0123035	300
-0.0380427	300
0.0995314	300
0.100134	300
0.0979306	300
0.099345	300
0.111008	300
-0.00133916	300
0.0124249	300
0.0268297	300
0.0293177	300
0.0220921	300
0.0466373	300
0.0470222	300
0.0585757	300.001
0.0613734	300
0.164011	313.409
0.163301	312.823
0.160149	311.911
0.147813	307.272
0.161847	309.896
0.153542	301.605
0.145432	305.207
0.153102	300.534
0.154242	300.038
0.151831	300.048
0.150138	300.011
0.149417	300.004
0.157303	300
0.152371	300.001
0.147178	300.001
0.0149993	300
0.060816	300
0.0743027	300
0.0314694	300
0.0324503	300
0.067821	300
0.0686631	300
0.0642922	300
0.134253	300
0.135005	300
0.133864	300
0.132469	300
0.128716	300
0.133371	300
0.133695	300
0.108198	300
0.104355	300
0.0871384	300
0.0971375	300
0.100219	300
0.065352	300
0.0652732	300
0.0416508	300
0.0976674	300.111
0.107866	300.105
0.0890581	300.002
0.0983432	300.014
0.0962047	300.034
0.0919046	300.009
0.0982286	300.069
0.110753	300.109
0.0948203	317.7
0.0948229	317.699
0.0948214	317.697
0.0948233	317.698
0.0903178	303.297
0.173159	300
0.161483	300
0.157047	300
0.131481	300
0.094824	317.698
0.0936515	315.384
0.0583822	300.008
0.0665128	300.008
0.06651	300
0.0835235	307.497
0.0899196	312.336
0.07954	324.5
0.0680652	325.387
0.105134	300.582
0.093755	300.023
0.0899283	300.035
0.0937677	300.012
0.0907184	300.003
0.0770051	300.014
0.0157182	300
-0.0355293	300
-0.0375045	300
-0.0356132	300
-0.040002	300
0.0887946	303.364
-0.0060766	300
-0.0184166	300
-0.0391208	300
0.1003	300
0.158783	300
0.155983	300
0.154313	300
0.150909	300
0.157944	300
0.147608	300
0.147369	300
0.108086	300.44
0.0170229	300
0.147393	300
0.147089	300
0.147098	300
0.147314	300
0.170421	300
0.172255	300
0.156338	300
0.144273	300
0.152505	300
0.159735	300
0.151742	300
0.153797	300
0.150631	300
0.157667	300
0.119403	300.027
0.119278	300.028
0.12061	300.102
0.14866	300
0.152299	300
0.143827	309.874
0.148014	316.771
0.147504	300
0.140587	300
0.139029	300
0.141547	300
0.152033	300
0.142032	300
0.149061	300
0.149406	300
0.142788	300
0.143589	300
0.146979	300.001
0.159013	300
0.145151	300
0.146363	300
0.146867	300
0.0226074	300
0.119394	300.026
0.150828	300
0.143166	300
0.0997484	300
-0.027561	300
-0.0136177	300
0.138358	301.311
0.0998294	300.01
-0.0343707	300
-0.0296407	300
-0.0228198	300
-0.0344732	300
0.0337128	300
0.0998401	302.68
0.0981811	302.931
0.102129	303.383
0.0967664	302.651
0.0962127	306.629
0.109253	304.463
0.106354	308.924
0.0896956	305.606
0.0908015	300.001
0.0870398	300
0.0769199	300.014
0.0747096	300.001
0.0403846	300
0.0289812	300
0.154014	300
0.149887	300
0.143395	300
0.0807416	300
0.0825699	300
0.0865944	300.001
0.103931	316.672
0.10815	317.744
0.150443	300
0.148789	300
0.145136	300
0.145421	300
0.141908	300
0.147857	300
0.154696	300
0.101051	300
0.11201	300
0.111067	300.095
0.100572	300.017
0.0734295	300
0.0977405	300
0.083636	300
0.00834075	300
0.00993534	300
0.00466451	300
0.0115389	300
0.0324413	300
0.0357842	300
0.0339372	300
0.0357699	300
0.0690845	300
0.080278	300
0.0132052	300
0.0317944	300
0.0176584	300
0.00425313	300
-0.0468016	300
-0.0379098	300
-0.0453652	300
-0.0390666	300
0.0418148	300
0.0320817	300
0.0521148	300
0.0559977	300
0.0477476	300
0.0738483	300
0.0750596	300
0.00588172	300
9.85763e-05	300
0.00785491	300
0.0120973	300
-0.0104373	300
0.141041	300.681
0.150391	300.131
-0.0269437	300
-0.00731172	300
-0.00454458	300
0.0524399	300
-0.0391449	300
-0.0375507	300
-0.000258681	300
-0.0091427	300
-0.0180084	300
-0.028542	300
-0.028119	300
0.0862694	300
0.150729	300.016
0.146806	300.005
0.145833	300.016
0.147567	300.095
0.142605	300.015
0.126316	300.126
0.115949	300.1
0.128684	300.077
0.0852156	300
0.0992711	300
0.10067	300
0.134367	300
0.140553	300
-0.0217314	300
-0.0218669	300
-0.0212522	300
-0.0213209	300
-0.0211494	300
-0.0230397	300
-0.0220796	300
-0.0224817	300
0.0523588	300
0.0525986	300
0.048755	300
0.0503346	300
0.0477483	300
0.0808126	300
-0.00370406	300
0.126881	303.94
0.114112	316.166
0.114128	310.083
0.132063	305.157
0.13557	306.695
0.131478	308.458
0.130187	306.148
0.127081	309.181
0.119213	300.026
0.119625	300.026
0.137007	300.003
0.138044	300.001
0.131404	300.616
0.147081	300.009
0.130928	300.054
0.137464	300.026
0.119593	300.026
0.13294	300.142
0.123714	300.24
0.149026	300.043
0.135539	300.018
0.139362	300.189
0.00767129	300
0.0034052	300
0.00317959	300
0.00745633	300
0.00734771	300
0.0760375	300
0.0614556	300
0.0702737	300
0.0747901	300
0.0522233	300
0.0325631	300
0.0473675	300
0.0549303	300
0.0554564	300
0.119643	300
0.120721	300
0.107306	300
0.121916	300
0.0320642	300
0.011508	300
0.0195195	300
0.000729	300
-0.00934527	300
0.110951	300.006
0.137412	300
0.121423	300
0.119911	314.112
0.101325	300.091
0.110472	300.016
0.116781	300.003
0.00994596	300
0.142502	300
0.148188	300
0.1401	300
0.139205	300
0.131828	300
0.136746	300
0.123031	300
0.122399	300
0.118116	300
0.118471	300
0.102064	300
0.121093	300
0.11707	300
0.119502	300
0.14142	300
0.0586564	300
0.0793104	300
0.0748617	300
0.0791638	300
0.0916963	300
0.105085	300
0.103428	300.004
0.108875	300.003
0.10652	300
0.1132	302.83
0.113365	301.226
0.119759	301.003
0.126187	304.599
0.117775	300.912
0.126659	300.003
0.112807	300.003
0.106169	300.016
0.0273283	300
0.0960401	300.379
0.119152	300.027
0.101491	300.043
0.0912804	300.111
0.0962027	300.026
0.142337	300
0.134749	300
-0.0159928	300
-0.0212542	300
-0.0268922	300
0.136919	300
0.135623	300
0.13401	300
0.14301	300
0.154127	300
0.140973	300
0.0111292	300
0.00829337	300
0.0167718	300
0.143437	300
0.128632	300
0.129361	300
0.131673	300
0.132561	300
0.135469	300
0.129919	300
0.124755	300
0.127654	300
0.128111	300
0.127771	300
-0.0114813	300
-0.0209917	300
0.124602	300
0.124135	300
0.123368	300
0.10286	300
0.0815169	300
0.126966	300
0.127045	300
0.13174	300
0.131051	300.003
0.125265	300
0.0241247	300
0.0257324	300
0.0161582	300
0.0246222	300
0.00507903	300
0.137245	300
0.13064	300
0.0809026	300
0.00923508	300
0.00275324	300
0.00845228	300
0.00754514	300
0.10653	300
0.108136	300
0.0935605	300
0.106748	300
0.117308	300
0.123107	300
0.10536	300
0.112611	300
0.135592	300
0.119671	300
0.121678	302.629
0.127812	301.783
0.129402	300.014
0.145384	300.003
0.112965	300.093
0.127703	300.002
0.137043	300.001
0.127787	300.001
0.12596	300.003
0.119532	300.05
0.129967	300.001
0.128343	300.001
0.0658346	300
0.05578	300
0.0702064	300
0.0325298	300
0.0885528	300
0.0890193	300
0.0776182	300
0.121434	300
0.120921	300
0.124298	300
0.0460955	300
0.117685	300
0.105451	300
0.0964082	300
0.105969	300
0.0321206	300
0.0394451	300
-0.0141461	300
-0.00967757	300
-0.00790526	300
-0.00747758	300
-0.00404374	300
0.0627951	300
0.14158	300.203
0.130026	300.088
0.143638	300.026
0.0489904	300
0.0528329	300
-0.0170707	300
-0.0241735	300
-0.0168874	300
-0.0166602	300
-0.016949	300
-0.016824	300
-0.0169952	300
-0.0170761	300
-0.0154054	300
0.0244498	300
0.025422	300
0.0244525	300
0.0245933	300
0.0246717	300
0.032823	300
0.0252982	300
0.0323385	300
0.0245619	300
0.0246076	300
0.0453238	300
0.0464306	300
0.0669098	300
0.0715365	300
0.0691761	300
0.126499	300
0.0997165	300
0.0797679	300
0.0895172	300
0.0964868	300
0.091283	300
0.0952353	300
0.0912451	300
0.0644091	300
0.0652092	300
0.0789666	300
0.0745779	300
0.0848911	300
0.0920453	300
0.122685	300
0.128231	300
0.110184	300
0.112123	300
0.119486	300
0.113892	300
0.0945836	300
0.0931647	300
0.086294	300
0.119357	300
0.118807	300
0.116964	300
0.133549	300
0.137922	300
0.124841	300
0.123188	300
0.125984	300
0.119743	300
0.111736	300
0.10803	300
0.103707	300
0.11448	300
0.112239	300
0.0998378	300
0.0975873	300
0.108522	300
0.117889	300
0.111494	300
0.102704	300
0.0970604	300
0.124183	300
0.121769	300
0.11036	300
0.104539	300
0.104552	300
0.0750571	300
0.0330131	300
0.123063	300
0.121448	300
0.122772	300
0.122699	300
0.122608	300
0.12265	300
0.122837	300
0.0634014	300
0.121687	300
0.115921	300
0.10324	300
0.103643	300
0.105452	300
0.102275	300.006
0.0973137	300
0.119697	300
0.105097	300
0.0643848	300
0.0715937	300
0.0600657	300
0.0562199	300
0.0533619	300
0.076337	300
0.0871071	300
0.0910867	300
0.0863351	300
0.0831223	300
0.0724477	300
0.0813748	300
0.0749069	300
0.105108	300
0.101509	300
0.107358	300
0.119995	300
0.113451	300
0.0928377	300
0.116831	300
0.109746	300
0.107985	300
0.102309	300
0.102634	300
0.10896	300
0.108019	300
0.112686	300
0.115456	300
0.102185	300
0.105205	300
0.100415	300
0.105111	300
0.102563	300
0.0957877	300
0.089022	300
0.0853462	300
0.0871935	300
0.0895034	300
0.0886349	300
0.0871988	300
0.0926148	300
0.104491	300
0.107445	300
0.0343902	300
0.0963042	300
-0.0349527	300
-0.09	300
-0.09	300
0.0420895	300
0.104949	300
0.122479	300
0	340.002
)
