(title "Static Temperature")
(labels "Position" "Static Temperature")

((xy/key/label "plane-26")
0.18	340.017
0.19	340.012
0.19	340.011
0.18	340.012
0.18	340.017
0.19	340.014
0.18	340.012
0.19	340.012
0.17	340.018
0.17	340.023
0.17	340.023
0.17	340.018
0.16	340.025
0.16	340.027
0.16	340.028
0.16	340.026
0.15	340.029
0.15	340.032
0.15	340.032
0.15	340.032
0.14	340.034
0.14	340.037
0.14	340.037
0.14	340.038
0.13	340.04
0.13	340.042
0.13	340.042
0.13	340.042
0.12	340.044
0.12	340.046
0.12	340.045
0.12	340.045
0.11	340.046
0.11	340.048
0.11	340.047
0.11	340.047
0.1	340.047
0.1	340.049
0.1	340.049
0.1	340.047
0.09	340.048
0.09	340.049
0.09	340.048
0.09	340.047
0.08	340.045
0.08	340.048
0.08	340.047
0.08	340.046
0.07	340.042
0.07	340.045
0.07	340.044
0.07	340.044
0.06	340.039
0.06	340.041
0.06	340.041
0.06	340.041
0.05	340.035
0.05	340.035
0.05	340.036
0.05	340.036
0.04	340.03
0.04	340.03
0.04	340.031
0.04	340.031
0.03	340.023
0.03	340.026
0.03	340.026
0.03	340.024
0.02	340.018
0.02	340.021
0.02	340.021
0.02	340.016
0.01	340.013
0.01	340.016
0.01	340.016
0.01	340.01
7.49401e-16	340.009
5.05794e-16	340.01
2.52897e-16	340.01
0	340.009
0.046	339.964
0.046	339.972
0.049	339.97
0.049	339.965
0.049	339.986
0.046	339.987
0.046	340.033
0.049	340.035
0.141	339.965
0.141	339.973
0.144	339.971
0.144	339.966
0.144	339.988
0.141	339.989
0.141	340.034
0.144	340.032
-0.19	300
-0.188848	300
-0.188712	300
-0.19	300
-0.180878	300
-0.18253	300
-0.18414	300
-0.18264	300
-0.188183	300
-0.19	300
-0.183529	300
0.0844444	340.034
0.0835334	339.073
0.0835965	336.936
0.083125	340.033
0.274492	300
0.275144	300
0.281282	300
0.280093	300
0.283438	300
0.278439	300
0.285742	300
0.273735	300
-0.0134731	300.584
-0.0204033	300.058
-0.0182269	300.295
-0.0104471	300.831
-0.0165402	300.448
-0.0284466	300.01
-0.0239912	300.04
-0.0248491	300.027
-0.0301813	300.011
-0.0196965	300.289
-0.0175244	300.358
-0.027778	300.018
-0.0785793	300
-0.0798742	300
-0.079648	300
-0.0784788	300
-0.0776523	300
-0.0905817	300
-0.0968566	300
-0.099945	300
-0.0960922	300
-0.105878	300
-0.100069	300
-0.0935722	300
-0.0783915	300
0.145117	301.411
0.141813	300.715
0.134036	302.856
0.136311	300.631
0.131291	302.973
0.14709	300.765
0.149401	300.268
0.147876	300.208
0.128485	301.088
0.136919	300.406
0.12943	300.841
0.147925	300.13
0.135941	300.281
0.095853	316.877
0.100783	316.583
0.10529	312.585
0.108635	310.064
0.0959326	316.452
0.0985598	317.603
0.0867637	315.959
0.0925979	317.764
0.0972163	318.235
0.0894384	316.679
0.108904	310.951
0.117185	304.412
0.107965	309.521
0.114763	306.115
0.113659	306.075
-0.131075	300
-0.127462	300
-0.130569	300
-0.123486	300
-0.124066	300
-0.165991	300
-0.165996	300
-0.166444	300
-0.15122	300
-0.151995	300
-0.148176	300
-0.148522	300
-0.166185	300
-0.153482	300
-0.0306153	300.003
-0.0394194	300.001
-0.0351163	300.009
-0.04353	300
-0.0438121	300
-0.0437792	300
-0.0271665	300.031
0.115935	305.051
0.112807	306.246
0.111015	307.726
0.228525	300
0.234659	300
0.226376	300
0.220445	300
0.226504	300
0.23318	300
0.236056	300
0.234358	300
0.237272	300
0.205031	300
0.205025	300
0.203982	300
0.203519	300
0.202521	300
0.195574	300
0.193012	300
0.184335	300
0.181017	300
0.18227	300
0.182916	300.001
0.193808	300
0.1913	300.001
0.188024	300
0.207702	300.067
0.206851	300.111
0.210697	300.053
0.205304	300.083
0.209065	300.049
0.362872	300
0.357115	300
0.360829	300
0.362865	300
0.369759	300
0.365735	300
0.362882	300
0.366491	300
0.0778404	311.874
0.0759522	310.612
0.0789322	312.467
0.076787	311.029
0.0741214	309.708
0.0740827	309.681
0.0740819	309.683
0.067728	304.972
0.0634898	302.595
0.0668891	304.531
0.0625767	302.259
0.0623967	302.885
0.0628495	302.309
0.0636261	302.649
-0.163419	300
-0.164259	300
-0.167006	300
-0.165423	300
-0.166795	300
-0.164267	300
0.175945	300.113
0.168515	300.607
0.173117	300.62
0.181697	300.134
0.164327	301.447
0.166401	301.49
0.180089	300.607
0.177409	300.771
0.179393	300.731
0.177727	301.018
0.169078	303.639
0.168721	304.083
0.163561	302.079
0.162334	303.292
0.330065	300
0.320835	300
0.318081	300
0.329542	300
0.316713	300
0.320695	300
0.327066	300
0.326514	300
0.319526	300
0.321316	300
0.310078	300
0.312744	300
0.314058	300
0.319584	300
0.308047	300
0.310739	300
-0.173507	300
-0.17362	300
-0.163557	300
-0.165795	300
-0.173977	300
-0.176327	300
-0.168736	300
-0.171023	300
-0.170766	300
-0.169474	300
-0.171209	300
-0.172985	300
0.3283	300
0.331982	300
0.332029	300
0.320687	300
0.31788	300
0.322995	300
0.319718	300
0.322833	300
0.32717	300
0.330683	300
0.0146506	300
0.0245203	300.001
0.0171294	300
0.0228077	300.001
0.0245258	300.001
0.0170191	300
0.0247375	300.001
0.0314691	300.003
0.0323611	300.003
0.0301365	300.002
0.0259736	300.001
0.368935	300
0.365834	300
0.367313	300
0.36822	300
0.372534	300
0.369863	300
0.363985	300
0.366302	300
0.3624	300
0.35455	300
0.353077	300
0.371829	300
0.37643	300
0.362687	300
0.365227	300
0.212324	300
0.214514	300
0.213037	300
0.212317	300
0.212993	300
0.219613	300
0.219335	300
0.220521	300
0.212022	300
0.220488	300
0.212187	300
0.202783	300
0.210045	300
0.204283	300
0.211245	300
0.210329	300
0.204668	300
0.375263	300
0.372066	300
0.372982	300
0.373763	300
0.38	300
0.38	300
0.377566	300
0.371698	300
0.368823	300
0.368338	300
0.372851	300
0.365598	300
0.367229	300
0.364717	300
0.370607	300
0.364139	300
-0.0625685	300
-0.062141	300
-0.0575066	300
-0.0350991	300
-0.0468012	300
-0.0388099	300
-0.0450401	300
-0.0501687	300
-0.0509191	300
-0.0471817	300
-0.0525486	300
-0.0490632	300
-0.062823	300
-0.0552152	300
-0.0520587	300
-0.0774408	300
-0.0776865	300
-0.0656213	300
-0.0768388	300
-0.063852	300
-0.0778454	300
-0.0616557	300
-0.0838751	300
-0.0719747	300
-0.0773718	300
-0.0843356	300
-0.0929895	300
-0.0828838	300
-0.0784472	300
-0.091975	300
-0.0881062	300
-0.07859	300
-0.0663435	300
-0.0943484	300
-0.0504561	300
-0.0505809	300
-0.0511305	300
-0.0680006	300
-0.0547164	300
-0.0616176	300
-0.0548362	300
-0.0619303	300
-0.0800341	300
-0.0724336	300
-0.0633919	300
-0.0840676	300
-0.0758513	300
-0.0711396	300
-0.0658447	300
-0.0714662	300
-0.0859716	300
-0.0842792	300
0.285424	300
0.288588	300
0.285413	300
0.291113	300
0.301261	300
0.282757	300
0.284808	300
0.301486	300
0.297422	300
0.305145	300
0.301503	300
0.289675	300
0.286737	300
-0.104793	300
-0.118201	300
-0.113805	300
-0.122279	300
-0.104977	300
-0.0992096	300
-0.0924458	300
-0.0993001	300
-0.119211	300
-0.124113	300
-0.121598	300
-0.113721	300
0.118375	304.029
0.102603	315.782
0.10214	317.699
0.102146	317.692
0.102144	317.695
0.118439	304.025
0.112799	306.583
0.122533	301.977
0.123714	301.627
-0.152121	300
-0.148642	300
-0.140807	300
-0.141277	300
-0.158362	300
-0.151693	300
-0.127315	300
-0.125978	300
-0.139328	300
-0.140815	300
-0.13992	300
-0.138791	300
-0.139824	300
0.241571	300
0.248102	300
0.248623	300
0.251987	300
0.24226	300
0.251307	300
0.243667	300
0.251829	300
0.239968	300
0.253866	300
0.241407	300
0.262265	300
0.263694	300
0.257151	300
0.0186661	300
0.0212899	300
0.0198874	300.002
0.019083	300
0.0324797	300.005
0.0321881	300.033
0.0256572	300.014
0.0389125	300.054
0.0318893	300
0.0245935	300.01
0.0298348	300
0.0344993	300
0.0328839	300
0.0329296	300
0.0438995	300.001
0.0441659	300.002
0.0410036	300.053
0.306224	300
0.305098	300
0.301311	300
0.304902	300
0.175656	300.052
0.166238	300.234
0.174476	300.097
0.176715	300.068
0.161134	300.466
0.165384	300.639
0.161658	301.141
0.353105	300
0.353274	300
0.348658	300
0.352766	300
0.355421	300
-0.0525526	300
-0.062926	300
-0.0562694	300
-0.0610153	300
-0.0627377	300
-0.05143	300
-0.0513523	300
-0.0402049	300
-0.0426302	300
-0.0457003	300
0.0381854	300.006
0.0352443	300.004
0.0413014	300.023
0.039252	300.01
0.0305773	300.002
0.0272086	300.001
0.0264653	300.001
0.0343398	300.006
0.0375246	300.008
0.03814	300.006
0.0322749	300.004
0.0247163	300.001
0.0034097	300.469
0.00194622	300.588
0.00387199	300.82
0.00843195	301.327
0.00201469	301.679
0.00696395	302.416
0.0125488	302.289
0.00843795	305.221
0.208099	300.005
0.210526	300.003
0.20805	300.001
0.195169	300.05
0.19516	300.05
0.195169	300.05
0.19513	300.05
0.19514	300.051
0.195156	300.05
-0.160753	300
-0.165257	300
-0.162093	300
-0.160663	300
-0.163462	300
0.00416549	300
0.00436961	300.094
-0.00387195	300.001
0.0110339	300.013
-0.00633401	300
0.00261746	300
0.00502111	300
-0.00460459	300
-0.000787573	300
0.0118998	300.012
0.0174062	300
0.00674264	300
0.0112796	300
0.0184263	300
0.00265389	300
0.0181397	300.001
-0.172147	300
-0.167941	300
-0.170251	300
-0.167929	300
-0.172791	300
-0.172361	300
-0.178896	300
-0.175128	300
-0.180755	300
-0.174791	300
-0.153463	300
-0.162603	300
-0.164923	300
-0.157719	300
-0.157502	300
-0.161475	300
-0.16613	300
-0.150762	300
-0.13893	300
-0.145876	300
-0.1499	300
-0.137564	300
-0.145321	300
-0.138118	300
-0.16088	300
-0.157813	300
0.132739	300
0.132672	300
0.123808	300
0.123807	300
0.122662	300
0.130468	300
0.122509	300
0.12188	300
0.131511	300
0.128699	300
0.115784	300
0.115449	300
0.117458	300
0.119263	300
0.109177	300
0.112055	300
0.118748	300
0.113758	300
0.345052	300
0.352067	300
0.349632	300
0.353779	300
0.352255	300
0.354339	300
0.342381	300
0.344421	300
0.346021	300
0.341351	300
0.354047	300
0.354419	300
0.113541	331.968
0.115879	333.522
0.116282	331.948
0.109116	333.713
0.1079	332.757
0.11443	330.796
0.110507	330.498
0.105848	333.562
0.104184	330.408
0.104491	331.587
0.178754	300
0.174698	300
0.174342	300
0.166096	300
0.169356	300
0.177882	300
0.164996	300
0.17008	300
0.175946	300
0.162956	300
0.163341	300
0.166522	300
0.15491	300
0.158577	300
0.155156	300
0.163531	300
0.178892	307.616
0.179318	307.476
0.179381	308.178
0.179532	307.462
0.179454	306.467
0.170934	306.189
0.178224	300.494
0.171696	309.841
0.179761	300.451
0.181657	306.052
0.180437	301.348
0.189398	301.478
0.19	339.988
0.17541	328.225
0.108492	300
0.101617	300
0.102959	300
0.105258	300
0.106038	300
0.11068	300
0.0990593	300
0.100654	300
0.0967757	300
0.10533	300
0.293543	300
0.296984	300
0.29841	300
0.294872	300
0.303307	300
0.304981	300
0.312284	300
0.314155	300
0.31138	300
0.315212	300
0.313384	300
-0.17715	300
-0.181735	300
-0.180329	300
-0.182655	300
-0.18236	300
-0.185341	300
-0.19	300
-0.184621	300
-0.180767	300
-0.19	300
-0.187103	300
-0.186825	300
-0.19	300
-0.126947	300
-0.129742	300
-0.126494	300
-0.130999	300
-0.132901	300
-0.129028	300
-0.134881	300
-0.138234	300
-0.142944	300
-0.139928	300
-0.14086	300
-0.135744	300
-0.132918	300
0.184565	300
0.185831	300
0.183835	300
0.18061	300
0.175974	300
0.181543	300
0.188588	300
0.185126	300
0.179515	300
0.179727	300
0.186105	300
0.184639	300
0.190453	300
0.190468	300
0.187136	300
0.193121	300
0.191289	300
0.195694	300
-0.0129323	300
-0.0148085	300
-0.0161718	300
-0.0198177	300
-0.01032	300
-0.016495	300
-0.00920234	300
0.0986204	303.778
0.0952359	302.586
0.0965717	301.734
0.107062	301.853
0.100514	311.853
0.106631	302.861
0.0995007	311.495
0.107347	301.973
0.110792	312.482
0.106739	308.613
0.100065	313.026
0.109141	311.499
0.108706	311.89
0.107385	313.007
0.103402	315.009
0.10443	314.332
-0.051909	300
-0.0508835	300
-0.0427228	300
-0.0436398	300
-0.0418103	300
-0.0520287	300
-0.0514071	300
-0.0420798	300
-0.0512983	300
-0.0547132	300
-0.060326	300
-0.0593621	300
-0.0530113	300
-0.0590688	300
-0.0472591	300
-0.0540859	300
-0.0503226	300
0.107277	337.201
0.114695	320.47
0.1149	321.158
0.107955	340.033
0.11875	340.032
0.119659	309.841
0.114844	318.087
0.114521	304.325
0.120977	312.824
0.12154	314.461
0.347478	300
0.34452	300
0.33849	300
0.348625	300
0.34879	300
0.353114	300
0.346869	300
0.357046	300
0.33419	300
0.346272	300
0.34798	300
0.35892	300
0.35277	300
0.337178	300
0.347411	300
-0.13698	300
-0.137097	300
-0.13681	300
0.14976	326.497
0.150916	323.787
0.144	339.966
0.144	339.977
0.144	339.988
0.103789	340.045
0.109282	340.044
0.10744	336.358
0.38	300
0.38	300
0.378597	300
0.38	300
0.38	300
-0.19	300
-0.189125	300
-0.19	300
0.0832361	335.851
0.0803784	340.044
0.0873266	340.046
0.141	340.022
0.0527828	339.141
0.049	339.98
0.049	339.99
0.0572126	339.238
0.049	340.018
0.0591772	340.035
0.0559222	338.294
0.38	300
0.374016	300
0.38	300
0.38	300
0.373456	300
0.370473	300
0.378416	300
0.38	300
0.38	300
0.378717	300
0.38	300
0.378931	300
0.38	300
-0.19	300
-0.187616	300
-0.19	300
-0.19	300
-0.183751	300
-0.19	300
-0.19	300
-0.182706	300
-0.180623	300
-0.168672	300
-0.168847	300
-0.169049	300
0.141	339.992
0.137147	338.986
0.133859	338.906
0.131445	340.04
0.134794	338.325
0.19	339.99
0.180247	331.356
0.177852	340.003
0.154916	336.802
0.144	340.013
0.156148	340.02
0.373082	300
0.38	300
0.371999	300
0.372622	300
0.37137	300
0.38	300
0.371948	300
0.046	340.007
0.0368	330.997
0.0345	340.014
0.038211	324.612
0.046	339.985
0.0398667	327.986
0.147231	334.677
0.151427	327.886
0.152309	321.79
-0.0838379	300
-0.0851839	300
-0.0849709	300
-0.0860361	300
0.38	300
0.379809	300
0.375617	300
0.38	300
0.38	300
0.285607	300
0.287279	300
0.286406	300
-0.0515088	300
-0.0534375	300
-0.0505319	300
-0.045632	300
0.0508623	316.494
0.0580555	340.025
0.0475	340.02
0.0461428	300
0.0413899	300
0.0385504	300
0.0201564	312.286
0.0214337	315.923
0.0166548	340.005
0.0128929	340.003
0.0244574	340.008
0.0140452	300
0.0152018	300
0.00852755	300
0.0186565	300
0.0354195	300.011
0.0374335	300.013
0.0384577	300.028
0.0455831	300.118
0.0463463	300.128
0.00433143	300
0.0071485	300
0.00215624	300
0.0733949	309.668
0.0736316	309.848
0.0643643	304.085
0.0658521	304.775
0.0738755	309.999
0.160488	300
0.160022	300
0.169612	300
0.168765	300
0.170486	300
0.164385	300
0.159531	300
0.15818	340.011
0.16295	323.028
0.165543	340.008
0.139936	300
0.139876	300
0.140738	300
0.23734	300
0.233892	300
0.232921	300
0.240383	300
0.229999	300
0.210261	300
0.215226	300
0.211103	300
0.273125	300
0.269807	300
0.272199	300
0.129826	300
0.126948	300
0.119691	300
0.119222	300
0.106875	340.033
0.112165	309.559
0.11742	305.631
0.114615	307.822
0.120456	304.416
0.117805	305.402
0.117732	305.43
0.0880799	316.679
0.0911227	317.396
0.0933243	317.333
0.197707	300
0.20032	300
0.194204	300
0.37525	300
0.38	300
0.38	300
0.38	300
0.23309	300
0.231958	300
0.232306	300
0.201402	300
0.26125	300
0.252965	300
0.258572	300
0.249375	300
0.256954	300
0.280938	300
0.285	300
0.276338	300
0.279854	300
0.278949	300
0.238865	300
0.241795	300
0.246213	300
0.241991	300
0.241792	300
0.233185	300
-0.0147847	300
-0.0110753	300
-0.00837728	300
-0.0112636	300
-0.0161054	300
0.179768	300
0.201618	300
0.203587	300
0.201992	300
0.20128	300
0.206082	300
0.202083	300
0.209605	300
0.20986	300
0.227689	300
0.220001	300
0.220359	300
0.219242	300
0.219842	300
0.254677	300
0.251497	300
0.257587	300
0.273052	300
0.272117	300
0.224435	300
0.233983	300
-0.0284011	300
-0.022561	300
-0.0317869	300
-0.0289918	300
-0.0358303	300
0.150072	300
0.14967	300
0.150245	300
0.159216	300
0.148417	300
0.144457	300
0.149368	300
0.139764	300
0.139843	300
0.151136	340.015
0.153286	331.854
0.154375	340.013
0.173768	300
0.168312	300
0.162874	300
0.154905	300
0.0835835	300
0.0940785	300
0.0905996	300
0.0604546	340.026
0.059375	340.025
0.0597423	337.281
-0.0755266	300
-0.0819416	300
-0.0816053	300
-0.0830348	300
-0.102946	300
-0.104728	300
-0.0998897	300
-0.118488	300
-0.115718	300
-0.116733	300
-0.095045	300
-0.0921592	300
-0.0966959	300
-0.0984038	300
-0.111883	300
-0.111913	300
-0.110589	300
-0.110876	300
-0.182272	300
-0.19	300
-0.19	300
-0.184168	300
-0.19	300
-0.19	300
-0.185212	300
-0.181858	300
-0.19	300
-0.19	300
-0.187912	300
-0.19	300
-0.186039	300
-0.19	300
7.49401e-16	339.988
-0.00441247	322.572
5.05794e-16	339.992
-0.00577903	317.582
0	339.985
2.52897e-16	339.99
-0.00818051	307.264
0.155494	300.012
0.156876	300.004
0.158123	300.004
0.161573	300.003
0.165944	300
0.168268	300
0.163654	300.001
0.161251	300.002
0.164854	300
0.054798	300.894
0.0564515	301.16
0.0579842	301.673
0.0618072	303.094
0.047447	300.212
0.0522237	300.722
0.0795922	313.631
0.08362	315.519
0.0742702	310.222
0.0740636	310.131
0.0570475	301.306
0.0672225	305.321
0.056421	301.161
0.0225282	300.001
0.0128737	300
0.0169168	300
-0.00274512	300
-0.00342975	300
-0.00148947	300
-0.00843985	300
-0.00739248	300
0.0399936	300.03
0.0554471	301.099
0.0351357	300.008
0.0271474	300.002
0.032024	300.003
0.0310541	300
0.0301245	300
0.0221322	300
0.0236983	300
0.0226929	300
0.0185056	300
0.0061121	300
0.0034671	300
0.00544722	300
0.0119625	300
0.0500001	300
0.0479389	300
0.0476194	300
0.0320919	300
0.0324581	300
0.0348535	300
0.0321045	300
0.0507518	300
0.0478981	300
0.059375	300
0.0570086	300
0.0425537	317.734
0.0388637	340.016
0.0410104	315.515
0.035625	340.015
0.0590049	338.276
0.0518958	311.408
0.0535549	311.243
-0.0119794	300
-0.0667782	300
-0.0706563	300
-0.0610375	300
-0.0645537	300
-0.0624207	300
-0.0649736	300
-0.06516	300
0.38	300
0.376079	300
0.38	300
0.375406	300
0.38	300
0.371775	300
0.372479	300
0.373927	300
0.373665	300
0.38	300
0.38	300
0.38	300
0.37182	300
0.372565	300
0.38	300
0.375675	300
0.378115	300
0.38	300
0.377438	300
0.371385	300
0.38	300
0.38	300
0.38	300
0.19	339.995
0.197532	308.08
0.19	339.996
0.19775	307.112
0.197761	307.122
0.19	339.997
0.197625	307.685
0.192894	326.951
0.197452	306.371
0.372634	300
0.372721	300
0.38	300
0.38	300
0.372482	300
0.379955	300
0.38	300
0.372865	300
0.371768	300
0.38	300
0.379528	300
0.0984763	312.645
0.0994531	316.465
0.105556	340.033
0.106435	338.69
0.121704	312.835
-0.0778456	300
-0.0816393	300
-0.0762721	300
-0.0754853	300
-0.0925296	300
-0.0942731	300
-0.0922445	300
-0.101065	300
-0.19	300
-0.184739	300
-0.19	300
-0.182792	300
-0.19	300
-0.19	300
-0.183078	300
-0.19	300
-0.18225	300
0.046	339.953
0.041846	327.381
0.046	339.964
0.046	339.974
0.023	340.005
0.0306666	340.011
0.0269247	322.222
0.0316865	321.037
0.0285052	321.179
-0.174505	300
-0.178797	300
-0.174954	300
-0.1749	300
-0.180892	300
-0.174927	300
0.38	300
0.377093	300
0.38	300
0.371978	300
0.38	300
0.372573	300
0.37517	300
0.363145	300
0.366704	300
0.357208	300
0.36157	300
0.36104	300
-0.177352	300
-0.173115	300
0.38	300
0.377076	300
0.38	300
0.372198	300
0.18443	311.527
0.136441	337.643
0.135251	337.042
0.141	339.981
0.134023	337.249
0.141	339.97
0.12673	336.463
0.1205	340.042
0.120935	340.042
0.127112	336.268
0.127134	336.253
0.127111	336.259
0.127091	336.261
-0.175113	300
-0.182587	300
-0.172214	300
-0.171685	300
-0.19	300
-0.19	300
-0.18747	300
-0.19	300
-0.183988	300
-0.168239	300
-0.162772	300
-0.167505	300
-0.158141	300
-0.174908	300
-0.182945	300
-0.19	300
-0.189192	300
-0.182352	300
-0.182171	300
-0.186854	300
-0.19	300
-0.19	300
0.0279929	318.942
0.373263	300
0.0539228	337.343
0.049	339.971
0.0565399	336.99
0.0623696	337.331
0.0611259	336.534
0.0617831	338.336
0.0664493	340.04
0.372867	300
0.378846	300
0.38	300
0.0253332	317.758
0.0159315	314.138
0.01911	325.48
0.0115	339.997
0.0153334	340
0.0132965	329.894
0.144	339.957
0.093283	337.752
0.0906604	340.046
0.095	340.046
0.0999836	340.045
0.0961347	336.764
0.0748484	336.065
0.0713766	340.043
0.0695489	340.042
0.0748141	336.059
0.0748276	336.044
0.087442	335.598
0.0942426	336.365
-0.186531	300
-0.187008	300
-0.182182	300
-0.19	300
0.38	300
0.371835	300
0.38	300
0.133131	335.939
0.38	300
0.37846	300
0.372008	300
0.120252	339.717
0.120149	340.043
0.111781	337.576
-0.14283	300
-0.142872	300
-0.142798	300
-0.150744	300
-0.149485	300
-0.147071	300
-0.160498	300
-0.14934	300
-0.125969	300
-0.127511	300
-0.127075	300
-0.129071	300
-0.143496	300
-0.147342	300
-0.137509	300
-0.139007	300
-0.132983	300
-0.142377	300
-0.126481	300
-0.130702	300
-0.120758	300
-0.11149	300
-0.123525	300
-0.128179	300
-0.154375	300
-0.150025	300
-0.143878	300
-0.142785	300
-0.142741	300
-0.15937	300
-0.15234	300
-0.161274	300
-0.163766	300
-0.161435	300
-0.161154	300
0.127059	336.246
0.377364	300
0.372472	300
0.371456	300
0.37219	300
0.38	300
0.338771	300
0.340632	300
0.335506	300
0.348744	300
0.34187	300
0.337896	300
0.349606	300
0.351607	300
0.349947	300
0.133322	334.491
0.37691	300
0.371976	300
0.38	300
0.38	300
0.37889	300
0.371369	300
0.38	300
-0.19	300
-0.186933	300
-0.19	300
0.0534747	335.335
0.049	339.958
0.331428	300
0.325255	300
0.3794	300
0.373468	300
0.35148	300
0.351309	300
0.351428	300
0.35118	300
0.347171	300
0.350384	300
0.35494	300
-0.174888	300
-0.164105	300
-0.18209	300
-0.19	300
0.0575976	335.674
0.0563293	333.376
0.149238	323.881
0.151817	315.948
0.152242	317.801
0.167	340.012
0.174602	340.006
0.169428	323.906
0.372042	300
0.371576	300
0.372607	300
0.377635	300
0.38	300
0.375822	300
0.38	300
0.38	300
0.375822	300
0.377633	300
0.38	300
0.372454	300
0.373758	300
0.141	339.958
0.138273	336.39
0.13424	331.423
0.0388216	317.969
-0.19	300
-0.185095	300
-0.182464	300
-0.184482	300
-0.102054	300
-0.0928205	300
-0.103292	300
-0.103591	300
-0.107281	300
-0.0671546	300
-0.0690474	300
-0.0680579	300
-0.0695326	300
-0.0726899	300
0.138516	313.908
0.1425	340.019
0.131944	340.028
0.0870701	300
0.0833139	300
0.083125	300
0.371616	300
0.371638	300
0.375279	300
0.38	300
0.38	300
0.375863	300
0.375667	300
0.372854	300
0.379673	300
0.372529	300
0.311955	300
0.308407	300
0.314712	300
0.321429	300
0.31738	300
0.31532	300
0.192622	328.579
0.197946	306.815
0.197751	307.134
-0.0654127	300
-0.0590349	300
-0.0571284	300
-0.0539633	300
-0.0103327	300
-0.00731037	300
-0.00802198	300
0.0633959	313.302
0.0337826	300
0.011398	340.002
0.0104574	328.444
0.00627128	307.22
0.0177695	309.044
0.0200137	309.236
0.000954481	300
-0.000803349	300
-0.000984916	300
-0.00406513	300
-0.0024081	300
-0.00510949	300
0.0250309	300.001
0.0241439	300.001
-0.0217334	300
-0.0213388	300
-0.0282008	300
0.046884	300.139
0.0859495	316.529
0.0876921	317.048
0.0830554	315.178
0.0693425	306.703
0.0773641	312.189
0.0471196	317.703
0.138764	300.353
0.137147	300.403
0.137536	300.371
0.134717	300.751
0.181597	300
0.178107	300
0.17966	300
0.174286	300
0.181423	300
0.171682	300
0.174443	300
0.171937	300
0.173071	300
0.172798	300
-0.00745108	307.81
-0.006248	312.914
3.65295e-16	339.991
-0.006697	310.968
-0.0078755	307.091
-0.19	300
-0.185083	300
-0.184669	300
-0.19	300
-0.18672	300
-0.183042	300
-0.182732	300
-0.182286	300
-0.19	300
-0.19	300
-0.18839	300
-0.182203	300
-0.181056	300
-0.19	300
-0.19	300
-0.0885719	300
-0.0919006	300
-0.0873227	300
-0.08089	300
-0.181334	300
-0.182083	300
-0.189369	300
-0.19	300
0.0709155	300
0.0679035	300
0.0648302	300
0.0638289	300
0.066143	300
0.0829643	311.777
0.087361	311.9
0.0826343	337.145
0.0792606	313.681
0.0820455	340.033
0.100211	300
0.09845	300
0.0973519	300
0.0966155	300
0.101341	300
0.0952531	300
0.0417844	312.863
0.0507862	311.003
0.0396085	312.514
-0.107991	300
-0.111235	300
-0.112139	300
-0.115375	300
0.19065	300
0.165998	309.573
0.170065	317.768
0.177107	340.003
0.173345	340.005
0.160517	310.466
0.155584	333.41
0.1474	311.446
0.144191	323.214
0.138884	312.593
-0.0418114	300
-0.0417322	300
-0.0430954	300
-0.0493189	300
-0.0520614	300
-0.0415294	300
-0.0386881	300
0.256507	300
0.254438	300
0.263476	300
0.260712	300
0.26925	300
0.267014	300
0.267442	300
0.265867	300
-0.0182192	300
-0.0170099	300
-0.0227801	300
-0.0236201	300
-0.026572	300
-0.0527083	300
0.280771	300
0.289354	300
0.287771	300
0.294234	300
0.280192	300
0.222772	300
0.220105	300
0.269122	300
0.26011	300
0.263708	300
0.231008	300
0.228363	300
0.230436	300
0.226614	300
0.225798	300
0.224724	300
0.222688	300
0.372217	300
0.37266	300
0.38	300
0.104333	314.406
0.117356	305.668
0.103038	315.226
0.142363	318.612
0.155756	300.004
0.13836	312.654
0.102616	300
0.101945	300
0.122917	300
0.118512	300
0.116366	300
0.137811	300
0.135016	300
0.133914	300
0.108854	300
0.110363	300
0.10842	300
0.104071	300
0.116434	300
0.10908	300
0.29928	300
0.306149	300
0.30875	300
0.191342	300
0.190365	300
0.1887	300
0.189066	300
0.0759203	300
0.0745056	300
0.0821081	300
0.0779496	300
0.0827857	300
0.0748703	300
-0.182144	300
-0.182488	300
-0.19	300
-0.183837	300
-0.18212	300
-0.182534	300
-0.182989	300
-0.18255	300
0.14412	300.084
0.136526	300.427
0.147514	300.051
0.145411	300.063
0.147574	300.052
-0.026895	300
0.00734957	300
-0.0925313	300
-0.19	300
-0.19	300
-0.18788	300
-0.182493	300
0.0386541	324.428
0.0391658	319.172
0.0442374	334.523
0.38	300
0.377881	300
0.158239	330.356
0.157439	322.111
0.155921	319.573
0.165464	317.899
0.170376	316.008
0.159398	340.017
0.162494	325.871
0.160886	319.105
0.349395	300
0.341216	300
0.336874	300
0.343076	300
0.342531	300
0.326437	300
0.320964	300
0.320691	300
0.333401	300
0.329705	300
0.331047	300
0.321894	300
0.306149	300
0.305368	300
0.296875	300
0.297642	300
0.0560545	332.657
0.0892737	338.642
0.0838053	335.151
-0.182705	300
-0.183891	300
-0.19	300
-0.19	300
-0.183596	300
-0.19	300
-0.184804	300
-0.182577	300
-0.156878	300
-0.154663	300
-0.160123	300
-0.111087	300
0.340535	300
0.335395	300
0.334933	300
-0.143305	300
-0.0430361	300
-0.0432586	300
-0.0420865	300
-0.0431431	300
-0.0377292	300
-0.0444101	300
0.298265	300
0.295386	300
0.292262	300
0.29045	300
0.291705	300
-0.182568	300
-0.183689	300
-0.19	300
-0.174939	300
-0.183619	300
-0.184682	300
0.37229	300
0.371783	300
0.11883	300
0.118653	300
0.107505	318.008
0.101469	312.776
0.130625	340.029
0.129545	340.029
0.130588	337.902
0.138	312.954
0.13229	301.049
0.128425	301.525
0.126551	302.015
0.12574	302.326
0.12737	301.742
0.127716	301.815
0.124482	302.916
0.258125	300
0.241923	300
0.20104	300
0.191173	300
0.205148	300
0.199279	300
0.236005	300
0.247869	300
0.242729	300
0.246447	300
0.245875	300
0.245248	300
0.24518	300
0.222773	300
0.145409	300
0.173246	300
0.095	340.036
0.0934176	326.546
0.0907474	316.393
-0.185433	300
-0.179953	300
-0.180622	300
-0.181082	300
-0.180949	300
-0.18625	300
-0.00850142	306.159
-0.00774734	307.498
0.162773	300.001
0.15955	300.002
0.102238	315.471
0.098423	316.767
0.102435	315.392
0.0955766	317.011
0.0924791	316.823
-0.00169412	300
0.00985354	300
0.0062188	300
0.0167169	300
-2.5604e-05	300
0.00124551	300
0.0318204	340.013
0.0287111	323.189
0.0302059	317.005
0.0318736	309.344
0.0302678	320.373
0.00902885	308.327
0.368957	300
0.363806	300
0.269859	300
0.268009	300
0.366461	300
0.197894	307.018
0.374907	300
0.368972	300
0.368312	300
0.368291	300
0.373412	300
0.363844	300
0.378614	300
-0.0784833	300
-0.178686	300
-0.182579	300
-0.182273	300
-0.186686	300
-0.187635	300
-0.182236	300
-0.19	300
-0.19	300
-0.178906	300
0.152706	319.669
0.0970492	335.556
0.101039	338.226
-0.18188	300
-0.187979	300
-0.19	300
-0.18182	300
0.0273184	318.448
0.36975	300
0.0187937	309.8
0.0203751	309.136
0.00589122	312.121
0.00719114	318.795
0.00685419	312.202
0.0831403	335.179
0.0823004	334.718
0.0748286	336.024
0.0953662	336.059
-0.179894	300
-0.179772	300
-0.179485	300
-0.180286	300
-0.180202	300
-0.170966	300
-0.170509	300
-0.163677	300
-0.189322	300
-0.19	300
0.367662	300
0.368746	300
0.0640708	336.67
0.0748001	336.043
0.069123	339.213
0.120037	333.256
0.129777	334.98
-0.148499	300
-0.133868	300
-0.134851	300
-0.133703	300
-0.131614	300
0.368372	300
0.378719	300
0.371359	300
0.3768	300
-0.181831	300
-0.181689	300
-0.181926	300
-0.181645	300
-0.182168	300
0.0505272	319.861
0.05594	327.344
0.0281278	317.586
0.022354	308.981
0.319148	300
0.312917	300
0.319178	300
0.314885	300
0.308375	300
0.320581	300
0.350247	300
0.354991	300
0.357762	300
0.146682	314.77
0.153974	314.153
0.17823	313.051
0.177451	326.538
0.174104	314.573
0.12709	336.251
0.12403	333.403
0.352481	300
0.043102	314.935
0.0385287	315.71
-0.186543	300
-0.18181	300
-0.181872	300
-0.19	300
-0.19	300
-0.189875	300
-0.059929	300
-0.0537763	300
-0.0604162	300
-0.0611145	300
-0.0558174	300
-0.0614121	300
-0.0634713	300
-0.0623131	300
0.125167	323.375
0.122204	312.869
0.130167	316.459
0.368623	300
0.371526	300
0.371268	300
0.374994	300
0.38	300
0.304367	300
0.305232	300
0.303722	300
0.302429	300
0.301038	300
0.302789	300
0.292705	300
0.0209298	309.121
-0.0285242	300
0.0853003	316.514
0.17287	300
0.167186	300
-0.00880778	305.766
-0.180148	300
-0.180831	300
-0.181508	300
-0.0730327	300
-0.0716553	300
-0.0768814	300
-0.0715584	300
-0.173487	300
0.0622529	300
0.0589045	300
0.054285	300
0.0710901	313.539
0.0712453	314.032
0.07125	340.032
0.0730456	317.578
0.0712669	313.553
0.0714713	313.523
0.15719	309.788
0.16	306.104
0.151571	311.416
-0.0135323	300
-0.0234617	300
-0.0236377	300
0.280153	300
0.203119	300
0.125307	300
0.133811	300
0.190558	300
-0.0516262	300
0.0318882	312.811
0.036432	320.892
0.0362631	316.135
0.322846	300
0.296688	300
0.304034	300
0.296239	300
0.291374	300
0.366465	300
0.32096	300
0.366695	300
0.367873	300
0.370793	300
0.362971	300
0.363744	300
0.369084	300
0.36683	300
0.363565	300
0.3655	300
0.363888	300
0.0374795	310.733
0.35014	300
0.342831	300
0.347165	300
0.335848	300
0.328981	300
0.333067	300
0.314995	300
0.313806	300
0.316824	300
0.309183	300
0.337053	300
0.332748	300
0.334597	300
0.351142	300
0.0314621	308.288
0.0336173	311.879
0.0302459	308.734
-0.181329	300
-0.178468	300
-0.177017	300
-0.176566	300
-0.173605	300
-0.180903	300
-0.173504	300
0.186298	300
0.186878	300
0.186635	300
0.186978	300
0.282064	300
0.27484	300
0.272361	300
-0.0119999	300
0.149258	305.154
0.152733	301.374
0.198783	302.566
0.198457	301.249
0.19208	300.98
0.190121	301.099
0.0712544	313.35
0.0573635	300
0.065834	300
0.0622563	300
0.0734227	300
-0.188137	300
-0.180408	300
-0.180187	300
-0.189803	300
-0.0961063	300
-0.172804	300
-0.181142	300
-0.072698	300
-0.0727391	300
-0.17252	300
-0.177556	300
-0.0141665	302.32
-0.0104924	304.496
-0.180357	300
0.103806	314.389
0.103901	314.35
0.0951468	317.077
0.0741611	309.742
0.0739792	309.62
-0.000417449	300
0.0200352	307.984
0.0235618	304.63
0.0227088	309.444
0.0256053	301.219
0.0261802	301.741
0.0274559	308.586
0.0415485	300
0.0399072	300
-0.0432304	300
-0.0464966	300
0.303165	300
0.29425	300
0.369007	300
0.369988	300
0.367528	300
0.367587	300
0.369958	300
0.372123	300
0.364186	300
0.364594	300
0.362373	300
0.368204	300
0.372317	300
0.363462	300
0.362664	300
0.370267	300
0.0796909	307.676
0.0761382	302.15
0.121827	312.236
-0.0082434	304.876
-0.177586	300
-0.178764	300
0.356233	300
0.357775	300
0.35948	300
0.35898	300
0.366777	300
0.372364	300
0.368764	300
0.370619	300
0.127096	336.254
0.125753	330.064
0.127027	329.663
0.126724	330.043
-0.150813	300
-0.135786	300
0.170579	312.083
0.154268	312.462
0.0579509	332.617
0.0594801	334.597
-0.172994	300
0.0304649	308.002
0.363079	300
0.364119	300
0.368314	300
0.368709	300
0.364379	300
0.365221	300
0.0559341	322.405
-0.179934	300
0.1338	324.886
0.133974	322.693
0.136792	321.4
0.365151	300
0.363501	300
-0.174128	300
-0.157818	300
-0.148574	300
-0.157551	300
-0.157682	300
0.126145	329.528
0.0639538	331.502
0.0714538	333.231
0.0677013	334.42
0.0666058	333.272
0.0621866	335.036
0.363112	300
-0.174908	300
-0.175444	300
-0.178836	300
-0.176693	300
-0.181303	300
-0.174844	300
0.0763282	332.959
0.00694308	310.046
0.0112023	308.526
0.00449527	311.081
-0.00363954	306.169
-0.173802	300
-0.17333	300
-0.181536	300
-0.173086	300
-0.176372	300
-0.175562	300
0.103748	300
0.100648	300
0.105997	300
0.362922	300
0.371437	300
0.378706	300
0.38	300
0.189724	300.91
0.202602	302.816
0.198094	306.835
0.201818	302.718
0.204512	300.843
0.369524	300
0.363272	300
0.267545	300
0.36287	300
-0.0727092	300
-0.00884633	303.592
-0.00722085	302.45
-0.00901766	305.216
-0.00475652	300.698
0.0494055	308.376
0.0421442	310.099
0.0520505	309.472
0.0442397	301.599
0.0499555	301.508
0.06097	305.662
0.0637553	302.377
0.0580127	302.206
0.0291902	300
0.0242643	300
0.0101308	300
0.0465467	300.124
0.0449756	300.08
0.0336288	300.005
0.0331004	300.004
0.0362881	300.026
-0.007493	300
-0.00111957	300
0.0566545	301.172
0.152764	300.009
0.15625	300.006
-0.110791	300
-0.101049	300
-0.123692	300
-0.126749	300
-0.132644	300
0.103189	300
0.082273	300
0.165491	300
0.164063	300.981
0.170344	300.547
0.151978	300
0.146826	300
0.221418	300
0.223673	300
0.215526	300
0.235127	300
0.246335	300
0.0228113	300
0.0163158	300
0.0151614	300
0.127206	301.728
0.367511	300
0.364117	300
0.372315	300
-0.0365888	300
-0.0364746	300
-0.0298749	300
-0.033371	300
-0.0371193	300
-0.033285	300
-0.0332113	300
-0.0333497	300
0.303166	300
0.297953	300
0.363735	300
0.359952	300
0.365615	300
0.364046	300
0.36414	300
0.363261	300
0.364999	300
0.362114	300
0.355916	300
0.351581	300
0.351413	300
0.356725	300
0.360587	300
0.126318	303.342
0.129308	308.152
0.121316	302.353
0.137922	312.317
0.132588	302.982
0.115504	303.002
0.117612	305.49
0.128597	301.489
0.118167	304.984
0.122287	303.52
0.117699	305.408
0.117259	305.627
0.104332	314.062
0.103899	314.349
0.0742854	309.817
0.0919321	317.546
0.103809	314.381
0.0890826	317.114
0.0863532	316.67
0.366184	300
0.361985	300
0.364164	300
0.362838	300
0.363775	300
-0.0573584	300
-0.054622	300
-0.0533976	300
0.019428	300
0.0252121	300
0.0223366	300
0.0115038	300
0.0036134	300
0.00785433	300
-0.0332083	300
0.242685	300
0.242402	300
0.242884	300
0.24395	300
0.214668	300
0.222749	300
0.143446	300
0.135867	300
0.136207	300
0.159472	300
0.159413	300
0.159372	300
0.172145	300
0.170991	300
0.146313	301.369
0.138657	312.01
0.144634	306.917
0.180543	300.426
0.158483	301.185
0.163312	300.089
0.163859	300.028
0.173642	300
0.0829924	302.134
0.0888309	302.177
0.0859685	305.792
0.0919511	306.558
0.10734	301.84
0.107272	301.846
0.0957842	300
0.093172	300
0.0897747	300
0.0906138	300
0.0820964	300
0.0681361	300
0.0802208	300
0.0760282	300
0.0816958	300
0.10451	300
-0.125342	300
-0.136306	300
-0.0966161	300
-0.104728	300
-0.109943	300
-0.00940405	306.426
-0.0170923	300.865
-0.013254	303.678
0.048376	300.26
0.0467574	300.133
0.0458119	300.087
0.0674607	305.301
0.0577898	301.558
0.0571662	301.036
-0.0276074	300
-0.00809854	300
-0.0131543	300
-0.0156892	300
-0.0189181	300
-0.0194291	300
0.0118711	300
0.0169448	300
0.000625147	300
0.0100633	300
0.0336595	300
0.0103048	304.755
0.0152805	300.537
0.0241222	301.159
0.0538866	300.331
0.0511753	300.522
0.0706978	301.644
0.0267013	301.194
0.0327271	305.875
0.0345221	300.873
0.0401444	301.306
-0.0110707	304.299
-0.00431021	300.584
-0.00713219	300.434
-0.0726878	300
-0.0651756	300
-0.0584321	300
-0.0728219	300
-0.0834359	300
-0.0873486	300
-0.085165	300
-0.0899226	300
0.205488	300.57
0.205176	300.681
0.276122	300
0.273402	300
0.271332	300
0.273287	300
0.257927	300
0.263755	300
0.367188	300
0.365893	300
0.364484	300
0.367295	300
0.365381	300
0.364637	300
0.205287	300.667
0.207606	300.195
0.201622	300.862
0.190423	300.877
0.372458	300
0.124012	300
-0.0612295	300
-0.0778159	300
-0.0801169	300
-0.0999045	300
-0.176806	300
-0.172847	300
-0.173398	300
-0.175455	300
-0.169458	300
-0.174244	300
-0.18064	300
-0.180096	300
-0.181755	300
-0.18254	300
0.159293	305.408
0.155779	307.83
0.00682635	305.494
-0.00125983	305.361
0.00928818	306.428
0.0184948	307.991
0.0741484	331.076
0.0709444	330.69
0.0947738	335.786
-0.167879	300
-0.15796	300
-0.173413	300
-0.178426	300
-0.168291	300
0.358097	300
0.360674	300
0.125201	329.26
-0.151458	300
-0.125997	300
0.364752	300
0.368654	300
0.363765	300
0.3623	300
-0.180898	300
0.0633757	326.096
0.062573	326.679
0.0633824	325.875
0.0630278	325.797
0.0508901	309.68
0.0505851	309.376
0.36088	300
0.0201398	307.6
0.0120436	306.22
0.0280392	307.378
-0.175295	300
-0.171284	300
0.151882	307.064
0.148532	310.351
0.151166	305.368
0.151539	315.331
0.150682	311.696
0.163516	312.669
0.165816	310.019
0.169878	307.833
0.164874	311.02
0.166092	308.102
0.16849	304.584
0.167081	305.045
0.172313	306.834
0.169799	304.163
0.177202	310.935
0.16436	310.742
0.178767	304.259
-0.149557	300
-0.143405	300
-0.137556	300
-0.150635	300
0.119533	331.844
0.116334	329.702
0.354989	300
0.355053	300
0.360989	300
0.366752	300
0.35806	300
0.100068	332.872
0.105177	329.927
0.102885	330.747
-0.115626	300
-0.0999392	300
-0.111079	300
-0.0998985	300
0.362078	300
0.312812	300
0.310456	300
0.304653	300
-0.056204	300
-0.0828301	300
0.0525751	300
0.0501691	300
0.0508661	300
0.0426215	300
0.0836667	315.968
0.0798277	313.828
-0.0175061	300.725
-0.182248	300
-0.176335	300
-0.177756	300
-0.1796	300
-0.172861	300
-0.17298	300
-0.175727	300
0.0654319	300
0.0413037	300
-0.142785	300
0.199713	300.016
0.199937	300.804
-0.0416345	300
-0.0380707	300
0.260291	300
0.264025	300
0.267073	300
0.249433	300
0.24889	300
0.250607	300
0.254005	300
0.242603	300
0.249472	300
0.209542	300
0.272468	300
0.161914	300.001
0.170917	300
0.187067	300
0.28989	300
0.288584	300
0.292407	300
0.292347	300
0.281915	300
0.19766	300
0.197935	300
0.197396	300
0.197298	300
-0.178463	300
-0.173783	300
-0.173494	300
-0.172397	300
0.332721	300
0.341321	300
0.344951	300
0.33204	300
0.32178	300
0.305445	300
0.306349	300
0.30214	300
0.301532	300
0.36339	300
-0.171224	300
-0.171801	300
-0.172717	300
-0.172547	300
-0.168537	300
0.352804	300
0.357281	300
0.352966	300
0.0396732	306.029
0.0363937	304.917
0.0390421	306.976
0.0338056	306.285
0.0422734	310.302
0.0495813	308.82
0.319055	300
0.314865	300
0.331691	300
0.320227	300
0.318402	300
0.341291	300
0.347063	300
0.339855	300
0.333485	300
0.342571	300
0.342236	300
0.348967	300
-0.164546	300
-0.164033	300
-0.166411	300
-0.16762	300
-0.167818	300
-0.169459	300
0.283611	300
0.287493	300
0.277171	300
0.281196	300
0.203001	300
0.200773	300
0.159772	300.001
0.164056	300.001
0.171233	300
0.17524	300
0.178504	300
0.255558	300
0.25519	300
0.262123	300
0.257448	300
0.239675	300
0.239667	300
0.239798	300
0.239653	300
0.239666	300
0.223198	300
0.222855	300
0.229946	300
0.263748	300
0.256859	300
-0.0188869	300
-0.074039	300
-0.0653355	300
-0.0681841	300
-0.0694348	300
-0.0420614	300
-0.0345098	300
-0.0346735	300
0.206501	300.007
0.208429	300.057
0.209197	300.002
0.163671	300.019
0.17359	300.198
0.165147	300.018
-0.14459	300
0.0254501	300
0.0271708	300
0.0224732	300
0.0410207	300
0.0654421	300
-0.172867	300
-0.162741	300
-0.163039	300
-0.169504	300
-0.161985	300
-0.173565	300
-0.174847	300
-0.174274	300
-0.173389	300
-0.0156764	301.262
-0.0174105	300.462
0.149818	300.014
0.145663	300.058
0.186728	300
0.172747	300
0.168255	300
0.120577	304.024
0.126831	301.543
0.129339	301.138
0.116897	305.853
0.0212458	305.751
0.0507375	309.152
0.0498513	300
0.0407897	300
0.0350815	300
-0.0545217	300
0.19007	303.149
0.18753	305.895
0.19037	307.752
0.194184	302.928
0.182588	308.54
0.185695	304.147
0.188018	302.871
0.184263	301.943
0.286024	300
0.285199	300
0.286342	300
0.286427	300
0.355593	300
0.359993	300
-0.0998654	300
-0.0924739	300
-0.11065	300
-0.099986	300
-0.116096	300
-0.119999	300
-0.119267	300
-0.122016	300
-0.120647	300
-0.120367	300
-0.119802	300
0.103554	330.116
0.351161	300
0.357017	300
0.360457	300
0.359772	300
0.364756	300
0.358929	300
0.115728	323.645
0.113783	323.717
-0.1748	300
-0.165016	300
-0.16876	300
-0.169268	300
-0.164761	300
-0.16733	300
0.166306	304.512
0.159586	306.961
0.160206	308.951
0.154712	316.784
0.163905	310.437
0.158364	303.527
-0.172179	300
-0.178998	300
-0.169591	300
-0.180443	300
-0.165195	300
-0.166736	300
-0.152089	300
-0.157536	300
-0.158641	300
-0.15508	300
-0.172089	300
-0.17898	300
-0.175314	300
0.072772	329.168
0.0636601	325.902
0.134455	317.916
0.137931	313.5
0.135319	311.274
0.353447	300
0.360424	300
0.363236	300
-0.157826	300
-0.164722	300
-0.155275	300
-0.157761	300
0.125805	328.559
0.117068	322.387
0.131518	322.337
0.124784	321.924
0.0915659	333.296
0.0844272	334.882
0.0835457	334.878
0.363713	300
0.362249	300
-0.168763	300
-0.165692	300
-0.164512	300
-0.163048	300
-0.172358	300
-0.106881	300
0.114192	300
0.114797	300
0.115183	300
0.110418	300
0.113914	300
0.363115	300
0.361715	300
0.36397	300
0.361391	300
0.361268	300
0.202129	303.987
0.206782	300.348
0.371472	300
0.365179	300
0.367656	300
0.206237	300.616
0.205631	300.656
-0.0893169	300
-0.0939912	300
-0.0977381	300
-0.00481693	300.508
-0.0139922	301.205
-0.0132441	303.039
-0.0185979	300.589
0.0420891	300.606
0.0404043	300.224
0.0547456	300.115
0.0539182	300.117
0.0623381	301.393
0.0655032	300.715
0.0573006	300.257
0.00451353	300.339
-0.00314045	301.335
0.00467155	300.105
0.00445177	300.097
0.0043244	300.113
-0.00572533	300
-0.00152714	300
-0.00750568	300
0.0156151	300
0.0118795	300
0.00327025	300
0.0482883	300.139
0.0518791	300.395
-0.0225719	300
-0.0284195	300
-0.0294168	300
0.0510124	300.298
-0.106602	300
-0.109452	300
-0.107797	300
-0.11066	300
-0.13015	300
-0.132676	300
-0.122799	300
-0.12908	300
-0.11529	300
-0.111343	300
-0.118453	300
0.0894974	300
0.0822549	300
0.0949323	300
0.107184	301.813
0.159495	300
0.163349	300.02
0.154735	300.508
0.152621	300.064
0.173783	300.011
0.135466	300.743
0.130156	301.122
0.140517	300
0.159414	300
0.22561	300
0.224138	300
0.243505	300
0.254402	300
0.24261	300
0.189866	300
0.182742	300
-0.0266465	300
-0.0241689	300
-0.0275802	300
-0.0163167	300
-0.0189171	300
-0.0237814	300
-0.0087353	300
-0.00966436	300
-0.00439896	300
-0.00678442	300
0.016514	300
0.00812815	300
0.107436	301.836
0.107342	301.818
0.114698	302.84
-0.0435137	300
-0.0458378	300
-0.0305395	300
-0.0499627	300
-0.0385286	300
-0.0334336	300
0.121596	300.669
0.117115	302.103
0.104658	300.082
0.108153	300.101
0.115258	300.096
0.202534	300
0.222499	300
0.0206747	300
-0.00593082	300
0.000837993	300
-0.0039201	300
0.00524742	300
0.0087707	300
-0.0175571	300
-0.00921728	300
0.200125	300
0.193535	300
0.194386	300
0.233106	300
0.232367	300
0.227095	300
0.229426	300
0.230982	300
0.234996	300
0.227656	300
0.24301	300
0.252505	300
0.251876	300
0.215707	300
0.214034	300
0.216231	300
0.214013	300
0.213526	300
0.159343	300
0.149922	300
0.152541	300
0.14506	300
0.154598	300
0.122832	300
0.131431	300
0.127863	300
0.137558	300
0.148894	300.553
0.14304	300.758
0.141669	301.429
0.137511	300.13
0.122431	300.108
0.132701	300.125
0.17509	300.005
0.173593	300.004
0.155188	300.004
0.156259	300.001
0.158431	300
0.163752	300.017
0.165555	300
-0.10903	300
0.089844	300.315
0.0892919	300.316
0.0741561	300.569
0.0781453	301.046
0.0855765	300
0.0761215	300
0.0781465	300
0.0759232	300
0.0758825	300
0.075504	300
-0.11909	300
-0.144856	300
-0.143851	300
-0.140116	300
-0.0952517	300
-0.0944415	300
-0.0898294	300
-0.0849981	300
-0.010005	301.809
-0.00777997	302.617
-0.00834987	300.922
-0.00133223	302.25
-0.0191907	300.575
-0.0185302	300.712
0.154505	300.003
0.158353	300.002
0.153188	300.006
0.152939	300.009
0.147711	300.028
0.144667	300.045
0.0615804	302.127
0.0484727	300.125
-0.0300938	300
-0.0248651	300
-0.00333942	300
0.0110023	300
0.0390055	300.011
0.0356016	300.005
0.203014	300
0.207396	300
-0.00418359	300.519
0.0223306	300.923
0.0142085	300.159
0.0134653	300.013
0.0124138	300.059
-0.00713637	300
0.0637424	300.433
0.0418838	300.062
0.0528538	300.106
0.0457157	300.022
0.033193	300.334
-0.0141911	300.404
-0.0152338	300.093
-0.0190367	300.326
-0.0242892	300.172
-0.0727071	300
0.194716	300.938
0.191199	300.516
0.196374	301.006
0.212371	300.213
0.212756	300.079
0.215178	300.028
0.208138	300.494
0.211484	300.186
0.35897	300
0.276602	300
0.260273	300
0.255201	300
0.251972	300
0.362328	300
0.353207	300
0.352501	300
0.357642	300
0.35806	300
0.355817	300
0.115025	300
-0.171853	300
-0.173085	300
-0.163309	300
-0.1642	300
-0.168965	300
-0.16329	300
-0.1662	300
-0.161183	300
-0.168112	300
0.353626	300
0.35717	300
0.354932	300
0.355766	300
0.0855921	332.261
0.0827303	332.164
0.0842096	331.571
0.0845031	331.989
0.0753451	329.722
0.124334	316.048
0.126128	316.227
0.125274	314.768
0.128132	313.627
0.114779	322.436
-0.160863	300
-0.161442	300
-0.163389	300
-0.161015	300
-0.159418	300
-0.15273	300
-0.118298	300
-0.119659	300
-0.162239	300
-0.16232	300
-0.164341	300
-0.158273	300
0.0750689	324.768
0.072381	324.333
-0.159696	300
-0.168166	300
-0.162857	300
-0.160674	300
0.178391	301.288
0.350124	300
0.354011	300
0.360319	300
0.352391	300
0.350768	300
0.348918	300
0.349648	300
0.348003	300
-0.110869	300
-0.0852247	300
-0.0874263	300
-0.092	300
-0.0996664	300
0.278428	300
0.277731	300
0.300648	300
0.361969	300
0.293966	300
0.299007	300
0.286129	300
0.279119	300
-0.0572513	300
-0.0599741	300
-0.0726514	300
-0.0661399	300
0.0365062	300
0.0346659	300
0.0445812	300
0.0462638	300
0.0415976	300
0.0545755	300
0.0514979	300
0.0569259	300
0.0543792	300
0.0528398	300
0.0505465	309.069
0.0503593	308.913
0.030675	302.915
0.0245225	304.053
0.0269841	303.438
0.0253364	303.574
0.0271591	304.619
0.0262194	304.283
0.103701	314.429
0.0957296	317.117
0.0973531	316.934
0.0988295	316.102
0.103966	314.297
0.111646	308.994
0.114071	307.118
0.118019	305.023
0.120746	304.261
0.0806207	313.863
0.180227	300
0.181825	300
0.183712	300
-0.162056	300
-0.149119	300
-0.139681	300
0.208553	300.001
0.205586	300.004
-0.0456719	300
-0.0365848	300
0.255403	300
0.266384	300
0.27103	300
0.269343	300
0.231138	300
0.231106	300
0.239655	300
0.238693	300
0.242535	300
0.285248	300
-0.159721	300
-0.159601	300
-0.162369	300
-0.169258	300
-0.163413	300
-0.182197	300
0.355807	300
0.355377	300
0.360145	300
0.35695	300
0.35898	300
0.360134	300
0.330495	300
0.32483	300
-0.158592	300
-0.156232	300
0.341416	300
0.319537	300
0.316546	300
0.328254	300
0.34379	300
0.339999	300
0.336645	300
0.340046	300
0.330359	300
0.339778	300
0.331308	300
-0.15335	300
-0.155628	300
-0.155895	300
-0.151695	300
-0.152793	300
0.296385	300
0.293506	300
0.275774	300
0.279652	300
0.0892409	317.084
0.192572	300
0.165816	300
0.254058	300
0.249545	300
0.244749	300
0.226804	300
0.0130352	300
-0.0699769	300
-0.0710773	300
-0.0661228	300
-0.0721886	300
0.19684	300.004
0.177924	300.003
0.172913	300
0.180855	300
-0.143624	300
-0.147524	300
-0.159537	300
-0.152191	300
-0.161658	300
-0.16125	300
-0.166287	300
-0.165543	300
-0.155493	300
-0.155573	300
-0.148482	300
-0.171878	300
-0.0260374	300.194
-0.0286239	300.02
-0.0286587	300.022
-0.0278532	300.046
-0.0275384	300.059
0.111374	309.028
0.0990083	315.942
0.103863	314.368
0.0971034	316.987
0.0233782	301.353
0.0241362	303.008
0.0159309	303.261
0.015607	302.573
0.0152929	302.025
0.0143588	302.411
0.0643847	317.641
0.0637221	317.566
0.0636574	323.48
0.0661053	318.603
0.0541672	311.182
0.0756133	300
0.0437165	300
0.0413225	300
0.0433215	300
-0.0604669	300
-0.0529366	300
0.29132	300
0.279997	300
0.286223	300
0.301363	300
0.309426	300
0.304191	300
0.27578	300
0.263807	300
0.272087	300
0.255945	300
0.264159	300
0.26052	300
-0.0903791	300
-0.0937266	300
-0.0919551	300
-0.100084	300
0.347698	300
0.340338	300
0.341645	300
0.336497	300
0.13313	310.096
0.13609	308.984
-0.130077	300
-0.1289	300
0.187372	300.625
-0.155263	300
0.0812374	328.829
0.0728203	322.608
0.0642844	316.984
-0.158567	300
-0.157933	300
-0.150096	300
-0.14833	300
-0.141395	300
-0.142542	300
-0.155545	300
-0.152456	300
-0.147804	300
-0.156361	300
-0.160004	300
0.0863952	332.08
0.10117	330.538
0.101108	330.651
0.0929044	332.698
-0.00357303	300.898
0.154133	304.283
-0.159274	300
-0.157608	300
-0.156254	300
-0.0739834	300
-0.0790934	300
-0.0838355	300
-0.0865033	300
0.0766769	300.153
0.0893647	300.238
0.0896198	300.24
0.35302	300
0.35561	300
0.349472	300
0.352322	300
0.349809	300
0.352412	300
0.356832	300
0.219432	300.012
0.219841	300.031
0.217101	300.001
0.221396	299.999
0.210032	300.343
0.214851	300.031
0.214932	300.03
0.214021	300.139
0.213716	300.07
0.205593	300.298
0.217007	300.009
0.360739	300
0.353229	300
0.35242	300
0.351119	300
0.352415	300
0.198067	300.254
-0.0818759	300
-0.072032	300
-0.077222	300
-0.0936655	300
-0.0812267	300
-0.0157472	300.132
-0.017703	300.082
-0.0236917	300.13
0.025134	300.587
0.0241249	300.011
0.0238824	300.067
0.0246617	300.026
0.0492162	300.002
0.054009	300.096
0.0584355	300.03
0.0635866	300.049
0.0683047	300.019
0.0688405	300.116
0.0692168	300.02
0.00313752	300
-0.0033625	300
-0.0280679	300
-0.00529811	300
0.134268	300.444
0.139417	300.229
-0.0204135	300.497
-0.142535	300
0.0962483	300.037
0.0900467	300.225
0.0934282	300.005
0.0979956	300.299
0.0899737	300.249
0.14817	300.042
0.152636	300.002
0.142369	300.047
0.180978	300.364
0.189398	300.838
0.177258	300.006
0.185972	300.006
0.19295	300.003
0.120594	300.127
0.141089	300
0.213567	300
0.214503	300
0.21397	300
0.204703	300
0.205012	300
0.203491	300
0.20668	300
0.21278	300
0.226115	300
0.225704	300
0.229808	300
0.249058	300
0.242909	300
0.240164	300
0.245234	300
0.24333	300
0.236917	300
-0.00751633	300
-0.0181664	300
-0.0291262	300
-0.029092	300
-0.0291549	300
-0.0291984	300
0.218566	300
0.217782	300
0.214765	300
0.213089	300
0.208078	300
0.353862	300
0.361199	300
0.18305	300
0.191398	300
0.200744	300
0.12713	301.402
-0.0660552	300
0.120599	303.073
0.121462	302.825
0.119425	303.384
0.129318	300.987
0.118153	304.282
0.141414	300.078
0.131941	300.922
0.137594	300.202
0.19794	300
0.199355	300
0.183677	300
0.181846	300
0.221984	300
0.35779	300
0.350307	300
-0.029179	300
-0.0455842	300
-0.037074	300
-0.0207359	300
-0.00325592	300
0.23374	300
0.233416	300
0.234266	300
0.242221	300
0.1531	300
0.149282	300
0.137811	300
0.13984	300
0.132012	300
0.127098	300
0.134062	300
0.119924	300.086
0.135137	300.101
0.141089	300.005
0.155044	300.001
0.0987462	300.005
0.106983	300.053
0.0722914	300.014
0.0807247	300.061
0.0888722	300.216
0.0832093	300.008
0.0810324	300.008
0.0831361	300.045
0.082591	300
0.0765468	300
0.0802958	300
0.0818973	300
-0.0279009	300
-0.0182497	300.028
-0.0192599	300
-0.0186891	300
-0.0885635	300
-0.098112	300
-0.104287	300
-0.0971726	300
-0.106727	300
-0.111651	300
-0.114809	300
-0.118091	300
-0.13054	300
-0.141832	300
-0.14213	300
-0.0302206	300.018
-0.0323132	300.024
-0.0373618	300.001
0.142174	300.092
0.141546	300.096
0.141074	300.11
0.14057	300.135
0.141328	300.099
0.135778	300.731
0.0119278	300
-0.0137932	300
-0.0124559	300
-0.0136912	300
-0.018988	300
0.0151993	300
0.0326292	300.003
0.0648601	300.023
0.0689365	300.015
0.0678658	300
0.0556429	300.002
0.0642205	300
0.0658009	300
0.195156	300.051
0.2018	300.6
0.223394	299.999
0.221787	300
0.222404	300.003
0.225281	300
0.224817	300
0.2221	300.011
0.348189	300
0.344586	300
0.3482	300
0.350213	300
0.262292	300
0.198299	304.903
0.196611	304.236
0.203866	301.437
0.202151	301.928
0.199281	302.36
0.220822	300
0.220723	300
0.208776	300
0.220811	300
0.348631	300
0.340147	300
0.340717	300
0.349192	300
0.359906	300
0.347981	300
0.348901	300
0.341837	300
0.34897	300
0.349828	300
0.345147	300
0.345213	300
-0.0854247	300
-0.0899737	300
-0.156174	300
-0.150488	300
0.153589	301.547
0.150762	302.495
0.152109	301.505
0.150008	301.718
-0.00828275	300.225
-0.0151167	300.09
-0.0104809	300.678
0.000854477	300.349
0.093088	331.491
0.0998975	326.844
0.102224	325.833
0.101477	325.468
0.102985	324.863
0.0846208	325.766
0.0807147	324.575
0.094186	325.166
0.086388	325.912
0.0848649	329.134
-0.145241	300
-0.152431	300
-0.150386	300
-0.162115	300
-0.161496	300
-0.161971	300
0.0841663	324.658
0.0648722	317.474
0.318111	300
0.345141	300
0.349707	300
0.340429	300
0.334371	300
0.329991	300
0.131672	303.467
0.130136	304.084
0.0721832	314.569
0.0764469	317.777
0.0722079	314.13
0.0716354	314.206
0.0680686	315.826
0.0295461	301.335
0.0361754	304.237
0.0336994	301.401
-0.115705	300
-0.114426	300
0.33932	300
0.339378	300
0.340615	300
0.340424	300
-0.104839	300
-0.0900005	300
-0.0990968	300
-0.0946288	300
-0.0998779	300
0.278276	300
0.0294388	300
0.0239736	300
0.0230369	300
0.0659413	300
0.0655303	300
0.0753931	300
0.056846	300
0.164825	300
0.0275224	300.825
0.0196425	300.684
0.0299106	300.834
0.0169454	300.734
0.00491075	300.431
0.0970715	317.063
-0.148441	300
-0.148479	300
-0.13368	300
-0.131831	300
-0.124384	300
-0.132709	300
-0.132428	300
-0.160866	300
-0.0495265	300
-0.0500596	300
-0.0494271	300
-0.0519412	300
0.239995	300
0.240517	300
0.238848	300
0.242021	300
0.255458	300
0.263818	300
0.250241	300
0.154286	300.003
0.160911	300.001
0.278363	300
0.279201	300
0.280519	300
0.291757	300
0.312064	300
0.266828	300
0.25689	300
0.339961	300
0.349428	300
0.340269	300
0.341774	300
0.342828	300
0.0362456	300.908
0.034166	300.458
0.30168	300
0.279288	300
0.352854	300
0.34264	300
0.339093	300
0.0806816	300
0.297208	300
0.297784	300
0.063122	302.363
0.275093	300
0.266282	300
0.148305	300.011
0.144325	300.045
0.146707	300.02
0.227632	300
0.238056	300
0.217695	300
0.226138	300
0.215598	300
-0.0369808	300
-0.0327705	300
-0.0385678	300
-0.047609	300
-0.0615751	300
-0.132196	300
-0.115796	300
-0.152298	300
-0.139655	300
-0.142005	300
-0.1413	300
0.0817459	313.321
0.0856071	315.914
0.0945581	316.716
0.0888593	316.295
0.0967982	317.264
0.00278825	300.359
-0.000807351	300
0.00351133	300
0.00470804	300
0.148758	300
0.159023	300
0.144264	300.004
0.147797	300
0.142997	300
0.0187556	300
0.0152442	300
0.011057	300
0.00327922	300
0.0406127	300
0.0287513	300
0.0436474	300
0.222462	299.999
0.269898	300
0.261084	300
0.277525	300
0.271514	300
-0.115361	300
-0.0862362	300
-0.145673	300
0.336489	300
0.329715	300
0.348926	300
0.346671	300
0.338735	300
0.340273	300
0.343744	300
0.338143	300
0.334519	300
0.332303	300
0.332663	300
-0.131262	300
-0.140065	300
-0.130227	300
-0.12732	300
-0.123671	300
-0.117486	300
0.186067	300.099
0.187941	300.059
0.0694958	312.38
0.0613922	306.933
0.0520799	308.968
0.0629947	308.371
0.12818	304.438
0.117432	309.476
0.123891	308.604
0.124133	314.214
0.0855791	325.111
-0.149855	300
-0.149801	300
-0.151716	300
0.114701	314.196
0.113336	315.693
0.115197	315.901
0.114031	315.135
0.140113	307.495
0.142906	305.173
0.136066	304.42
0.143861	305.676
0.142707	309.764
0.156368	300.897
-0.145238	300
-0.083009	300
-0.0679592	300
-0.0713606	300
0.338757	300
0.335427	300
0.343386	300
0.337822	300
0.332988	300
0.343674	300
0.335459	300
0.328878	300
0.328113	300
0.220834	300
0.220839	300
0.221594	300
0.225207	300
0.214822	300
0.218557	300
0.274722	300
0.342544	300
0.348414	300
0.337081	300
0.338333	300
0.342219	300
0.229083	300
0.217438	300.005
-0.0399528	300
-0.0394429	300
-0.0397539	300
-0.0397199	300
0.0186126	300
0.0745119	300
0.0716261	300.01
0.0741748	300
0.0766652	300
0.0760125	300
0.0775215	300.001
0.0554324	300
0.0587417	300
0.0498618	300.001
0.0526335	300
-0.00332997	300
0.0146374	300
0.0147514	300
0.0145313	300
0.0235554	300.001
0.0264362	300.001
0.0259183	300.001
0.0259362	300.001
0.0268953	300.001
-0.0124444	300
-0.00062634	300
0.0726576	307.115
0.0558293	301.094
0.0590215	301.496
0.0538943	300.371
0.053832	300.372
0.0532145	300.332
0.18099	300
0.170413	300
0.174159	300
-0.0402689	300
-0.0763486	300
-0.070118	300
-0.0803321	300
-0.0294382	300.018
-0.0323439	300.003
-0.0297173	300.001
0.0909424	300
0.0925244	300
0.0880909	300
0.0871875	300
0.0884823	300
0.088067	300.001
0.106494	300.002
0.112459	300.005
0.1934	300
0.205557	300
0.206009	300
0.130818	300.002
0.132809	300.002
0.130599	300.002
0.130121	300.009
0.129787	300.002
0.128192	300.003
0.117756	300.004
0.143619	300.006
0.115629	300
0.12214	300.001
0.114992	300
0.106497	300
0.114444	300.001
0.233661	300
0.232793	300
0.223191	300
-0.0291567	300
-0.0248101	300
-0.030314	300
-0.0365644	300
-0.0175507	300
-0.00682211	300
-0.00656125	300
-0.00150122	300
0.199316	300
0.164721	300
0.132607	300.384
0.140788	300.166
0.119555	303.312
0.130593	300.85
0.117767	304.422
0.133112	300.33
0.123311	301.662
0.123319	301.66
0.123292	301.673
0.12331	301.662
0.141947	300.081
0.146767	300.013
0.171786	300
0.174552	300
0.334252	300
0.332303	300
-0.0147759	300
-0.0150804	300
-0.0244631	300
-0.0238163	300
-0.024693	300
-0.024575	300
-0.0246532	300
-0.0246236	300
0.234893	300
0.22087	300
0.233755	300
0.233942	300
0.163384	300
0.195872	300
0.197951	300
0.2071	300
0.188239	300
0.184932	300
0.186637	300
0.190336	300
0.0899953	300
0.0962522	300
0.0968086	300.003
0.103123	300
0.10018	300
0.113477	300
-0.0324654	300
-0.0204076	300
-0.03039	300
-0.0197636	300
-0.0428094	300
-0.0418421	300
-0.0753024	300
-0.064403	300
-0.103657	300
-0.105092	300
-0.0995841	300
-0.0439097	300
0.0517361	300.31
0.0534779	300.341
0.0706414	305.823
0.0792618	311.56
0.0824667	313.75
0.0869914	314.573
0.0138657	300
0.00467966	300
-0.015688	300
0.039004	300.009
0.0210247	300
0.0059068	300
-0.0130397	300
-0.0245094	300
-0.040045	300
-0.04035	300
0.221724	300.005
0.202993	300.065
0.218493	300.001
0.214552	300.001
0.235121	300
0.230092	300
0.239423	300
0.22694	299.999
0.197903	300.006
0.331554	300
0.340728	300
0.298297	300
0.290311	300
0.294862	300
0.289973	300
0.281152	300
0.332509	300
0.339154	300
0.219184	300.019
0.217595	300.023
0.224811	299.999
0.22667	299.999
0.23149	300
0.236644	300
0.332954	300
0.326304	300
0.324157	300
0.336575	300
0.331484	300
0.332697	300
0.348854	300
0.351813	300
0.331683	300
-0.081146	300
-0.154727	300
-0.150303	300
-0.147001	300
-0.153284	300
-0.132562	300
-0.132269	300
-0.13216	300
-0.142021	300
-0.137514	300
-0.142644	300
-0.137497	300
-0.135944	300
-0.141621	300
0.156583	300.487
0.179602	300.063
0.159702	300.421
0.087489	324.695
-0.0158253	300.057
-0.00768729	300.014
-0.00750981	300.019
-0.00764658	300.014
-0.00762895	300.014
0.112996	315.19
0.102492	320.994
0.111267	312.778
0.102447	324.561
-0.140711	300
-0.139563	300
-0.13966	300
-0.133569	300
-0.14096	300
-0.13839	300
-0.152003	300
-0.142108	300
-0.152797	300
-0.149197	300
0.0848112	324.289
0.00872211	300.062
0.00452874	300.319
0.0225593	300.206
0.0203109	300.219
0.0141603	300.413
0.0155027	300.104
-0.140307	300
-0.142433	300
-0.139977	300
0.202379	300.004
0.328399	300
0.325392	300
0.322493	300
0.331339	300
0.322875	300
0.333243	300
0.302831	300
0.310154	300
0.311184	300
0.317209	300
0.316774	300
0.314053	300
0.31705	300
0.314629	300
-0.0995851	300
-0.114771	300
-0.10392	300
-0.081265	300
-0.08006	300
-0.0796163	300
-0.079014	300
0.333807	300
0.326362	300
0.0506465	308.856
0.0515394	302.788
0.039225	300.909
0.0351646	300.434
0.0187411	300.119
0.107804	310.905
0.108264	311.106
0.0998613	315.735
0.0971488	317.084
0.103698	312.911
-0.149012	300
-0.14447	300
-0.133143	300
-0.0494022	300
0.211533	300
0.213047	300
0.206014	300
0.279446	300
0.285849	300
0.29051	300
0.267333	300
0.279103	300
0.323909	300
0.3197	300
0.337056	300
0.0457568	302.439
0.0413313	302.588
0.0401976	305.1
0.0478176	300.962
0.0457519	300.483
0.0482603	301.761
0.320142	300
0.325317	300
0.328876	300
0.317711	300
0.328062	300
0.334867	300
0.322431	300
0.274173	300
0.268812	300
0.269225	300
0.270972	300
0.283685	300
0.206376	300
0.201485	300
0.218048	300
0.215212	300
0.216836	300
0.229382	300
0.220085	300
0.197224	300
0.196691	300
0.188605	300
0.193441	300
0.181129	300
-0.0616827	300
-0.0613695	300
-0.0617195	300
-0.0591873	300
-0.0445884	300
-0.0318315	300
-0.0413119	300
-0.0288163	300
-0.0258867	300
-0.0349824	300
-0.034862	300
-0.0331477	300
-0.0361113	300
-0.139404	300
-0.131919	300
0.109153	309.96
0.0941759	317.225
0.083525	314.018
0.0861006	314.294
0.00283274	300
-0.0185113	300
-0.00840909	300
-0.0906699	300
-0.0977258	300
-0.13687	300
-0.140477	300
0.288599	300
0.315266	300
0.321616	300
0.329985	300
0.123307	301.663
0.114995	305.679
-0.132119	300
-0.137914	300
-0.00764663	300.014
0.0733976	314.387
0.081889	316.005
0.0890747	318.449
0.0852263	316.302
-0.138792	300
-0.139387	300
-0.13854	300
-0.142874	300
-0.133664	300
-0.131762	300
-0.148862	300
-0.12506	300
-0.116195	300
-0.12108	300
-0.135611	300
-0.126477	300
0.115139	308.068
0.160232	300.256
0.161489	300.306
0.191101	300.004
0.189175	300.006
0.158027	300.149
-0.133087	300
-0.139346	300
-0.131658	300
-0.126555	300
-0.127259	300
0.13057	300.002
0.320355	300
0.32311	300
0.322401	300
0.317946	300
0.31903	300
0.324358	300
0.323498	300
0.317356	300
0.326516	300
0.21542	300.001
0.233159	300
0.220869	300
0.223937	299.999
0.227435	300
0.232847	300
0.22421	300
0.223804	300
0.225756	300
-0.0427056	300
-0.0559484	300
-0.0526536	300
-0.0467956	300
-0.045066	300
-0.024825	300
-0.0337095	300
0.0342802	300.005
0.0147809	300
0.0237894	300.001
0.0307947	300.003
0.0552643	300.599
0.0644168	302.066
0.0620717	301.592
0.0664487	302.986
-0.0438966	300
-0.101997	300
-0.0901466	300
-0.0903818	300
-0.0897664	300
-0.0767113	300
-0.0452114	300
-0.0560997	300
-0.0354605	300
-0.0193915	300
-0.0188417	300
-0.0180055	300
0.198319	300
0.202028	300
0.197216	300
0.201641	300
0.205657	300
0.211646	300
0.215319	300
0.21928	300
0.246351	300
0.235339	300
0.248781	300
0.175364	300
0.182479	300
0.197408	300
0.148933	300.01
0.162096	300.001
0.156921	300.003
0.149937	300.01
0.174041	300
0.162878	300
0.13435	300.305
0.119533	303.39
0.123344	301.655
0.131515	300.248
0.130628	300.319
0.161712	300.001
0.162634	300.001
0.1632	300.001
0.251614	300
0.254841	300
0.253486	300
0.252112	300
0.255616	300
0.256238	300
0.24861	300
0.245033	300
0.249367	300
0.246609	300
0.24305	300
-0.104409	300
-0.119097	300
-0.119684	300
-0.120486	300
-0.122578	300
-0.136815	300
-0.056656	300
-0.0478347	300
-0.0467285	300
-0.0549163	300
-0.0571447	300
-0.044106	300
-0.0438734	300
-0.0371139	300.001
-0.0440371	300
0.0821168	313.409
0.0812192	312.823
0.0801641	311.911
0.0748853	307.272
0.0765664	309.896
0.0627826	301.605
0.0695566	305.207
0.0526147	300.534
0.0465005	300.038
0.0487814	300.048
0.0344953	300.011
0.0325031	300.004
0.0069591	300
0.0172083	300.001
0.0174963	300.001
-0.0581398	300
0.230945	300
0.221609	300
0.247732	300
0.247876	300
0.318828	300
0.322995	300
0.319953	300
0.328006	300
0.32873	300
0.328738	300
0.328376	300
0.333383	300
0.328942	300
0.329321	300
0.313258	300
0.316905	300
0.315609	300
0.328934	300
0.311939	300
0.316611	300
-0.120921	300
-0.141588	300
0.160668	300.111
0.152792	300.105
0.191864	300.002
0.177459	300.014
0.17451	300.034
0.184454	300.009
0.167043	300.069
0.150205	300.109
0.10214	317.7
0.10214	317.699
0.102142	317.697
0.102141	317.698
0.128829	303.297
-0.115429	300
-0.111954	300
-0.0998796	300
-0.12348	300
0.102137	317.698
0.0824248	315.384
-0.0238392	300.008
-0.0222385	300.008
-0.0364665	300
0.0634843	307.497
0.0775653	312.336
0.0977009	324.5
0.101067	325.387
0.0485945	300.582
0.0100354	300.023
0.00932532	300.035
0.00630427	300.012
-0.00391025	300.003
-0.00756629	300.014
-0.127802	300
-0.127924	300
-0.12757	300
-0.126004	300
-0.123365	300
0.13032	303.364
0.316539	300
0.318112	300
0.290112	300
-0.118897	300
-0.0804129	300
-0.0967792	300
-0.0936431	300
-0.0113401	300
-0.0230061	300
-0.0153954	300
-0.0318457	300
0.0463609	300.44
-0.119775	300
-0.0354053	300
-0.0504722	300
-0.0490215	300
-0.0503663	300
-0.0624789	300
-0.050345	300
-0.0615827	300
0.209282	300
0.191845	300
0.21901	300
0.296065	300
0.298025	300
0.297824	300
0.312641	300
0.031046	300.027
0.0309548	300.028
0.0451425	300.102
0.295522	300
0.285628	300
0.0787996	309.874
0.089813	316.771
0.301219	300
0.290882	300
0.306264	300
0.311345	300
0.312811	300
0.213721	300
0.267593	300
0.258483	300
0.259185	300
0.254954	300
0.164154	300.001
0.174869	300
0.179511	300
0.010186	300
-0.0346435	300
-0.114057	300
0.0308772	300.026
0.271784	300
0.285036	300
-0.118222	300
0.309524	300
0.305875	300
0.127578	301.311
0.00908876	300.01
-0.124023	300
-0.113634	300
-0.119497	300
-0.115855	300
-0.109222	300
0.0625278	302.68
0.0637463	302.931
0.0659015	303.383
0.0591709	302.651
0.0691812	306.629
0.0718908	304.463
0.0762015	308.924
0.063135	305.606
-0.0171332	300.001
-0.0215025	300
-0.00769855	300.014
-0.0272545	300.001
-0.0565399	300
-0.0630903	300
0.195059	300
0.193991	300
0.207989	300
0.212655	300
0.206728	300
0.198978	300.001
0.0854352	316.672
0.0932724	317.744
-0.119766	300
-0.131482	300
-0.11945	300
-0.116199	300
-0.116988	300
-0.116323	300
-0.0989289	300
-0.119302	300
-0.13585	300
0.15164	300.095
0.173447	300.017
-0.117892	300
-0.118437	300
-0.121811	300
0.306309	300
0.30327	300
0.303157	300
0.304418	300
0.304037	300
0.306299	300
0.302595	300
0.303406	300
0.312953	300
0.309585	300
0.25152	300
0.248507	300
0.239928	300
0.244664	300
0.274331	300
0.271926	300
0.263559	300
0.278823	300
0.317084	300
0.24834	300
0.234196	300
0.244174	300
0.241718	300
0.237888	300
0.235203	300
-0.0756763	300
-0.0639499	300
-0.0748815	300
-0.0719224	300
0.253017	300
0.0599008	300.681
0.0500295	300.131
-0.0685195	300
-0.0579355	300
-0.0569289	300
-0.131888	300
-0.0902928	300
-0.100703	300
0.241535	300
0.234446	300
0.255797	300
0.263294	300
0.252537	300
0.207711	300
0.146355	300.016
0.157975	300.005
0.146639	300.016
0.144058	300.095
0.148157	300.015
0.138868	300.126
0.147187	300.1
0.142712	300.077
0.209679	300
0.211525	300
0.20953	300
0.192647	300
0.205606	300
0.282684	300
0.283305	300
0.282904	300
0.282111	300
0.282807	300
0.262906	300
-0.0969134	300
-0.104007	300
-0.130368	300
-0.114023	300
-0.113126	300
-0.115166	300
-0.118881	300
-0.112766	300
-0.057399	300
0.118256	303.94
0.0857884	316.166
0.0783589	310.083
0.071351	305.157
0.0743463	306.695
0.0766022	308.458
0.0738907	306.148
0.0771228	309.181
0.0305042	300.026
0.0307246	300.026
0.022855	300.003
0.0136088	300.001
0.059254	300.616
0.0350396	300.009
0.0431629	300.054
0.0422518	300.026
0.0309937	300.026
0.0478527	300.142
0.052475	300.24
0.0476721	300.043
0.0334465	300.018
0.0483435	300.189
0.260983	300
0.253828	300
0.263141	300
0.265939	300
-0.0768429	300
0.237668	300
0.250837	300
0.252252	300
0.239979	300
0.252448	300
0.248618	300
0.313798	300
0.308851	300
0.316255	300
0.320671	300
0.315254	300
0.310102	300
0.337331	300
0.301878	300
0.302438	300
0.294641	300
0.315844	300
0.303792	300
0.181029	300.006
0.186139	300
0.185887	300
0.0833137	314.112
0.161399	300.091
0.166796	300.016
0.18143	300.003
-0.076316	300
-0.110048	300
-0.0983417	300
-0.0952439	300
-0.100398	300
-0.115329	300
-0.103435	300
-0.107216	300
-0.118591	300
-0.114058	300
-0.119742	300
-0.117202	300
-0.123073	300
0.184254	300
0.18334	300
0.209097	300
-0.0498427	300
-0.043394	300
-0.0437724	300
-0.0405836	300
-0.0205302	300
-0.00702542	300
-0.00308083	300.004
0.0076349	300.003
-0.00626539	300
0.0667216	302.83
0.0604775	301.226
0.0600823	301.003
0.0697645	304.599
0.0553545	300.912
0.017532	300.003
0.0115945	300.003
0.0141443	300.016
-0.106294	300
0.0324456	300.379
0.0308027	300.027
0.0218932	300.043
0.0211454	300.111
0.01327	300.026
-0.0161409	300
-0.0239432	300
0.302289	300
0.283254	300
0.30101	300
0.268466	300
0.274352	300
0.277894	300
-0.00814503	300
0.00242459	300
-0.000694579	300
-0.0989074	300
-0.0837414	300
-0.102757	300
-0.036841	300
-0.0381519	300
-0.0446616	300
0.247267	300
0.252434	300
0.226011	300
0.219469	300
0.223167	300
0.241906	300
0.247327	300
0.227705	300
0.300113	300
0.283024	300
0.203859	300
0.205314	300
0.206038	300
0.211371	300
0.250415	300
0.248812	300
0.251256	300
0.270816	300
0.0209555	300.003
-0.0424607	300
-0.0879549	300
-0.091569	300
-0.0817647	300
-0.0862101	300
-0.0790687	300
-0.0047214	300
0.275683	300
-0.0442128	300
0.298923	300
0.286123	300
0.286745	300
0.28196	300
-0.00731779	300
-0.0255378	300
-0.018026	300
-0.0269189	300
0.186491	300
0.204935	300
-0.102277	300
-0.10294	300
-0.0995829	300
-0.10178	300
0.125459	302.629
0.130867	301.783
0.155443	300.014
0.161988	300.003
0.150688	300.093
0.167879	300.002
0.165996	300.001
0.169386	300.001
0.168626	300.003
0.159826	300.05
0.170519	300.001
0.171984	300.001
-0.111167	300
-0.109054	300
-0.103779	300
0.285398	300
0.308427	300
0.297342	300
0.299436	300
0.293809	300
0.298024	300
0.296503	300
0.261562	300
0.296934	300
0.308629	300
0.298139	300
0.311504	300
0.24861	300
0.264006	300
0.268866	300
0.272873	300
0.275584	300
0.270902	300
0.272819	300
-0.100766	300
0.132023	300.203
0.139206	300.088
0.144672	300.026
-0.0966228	300
-0.0958674	300
-0.0788051	300
-0.0824889	300
-0.0789072	300
-0.0790626	300
-0.0793312	300
-0.0787731	300
-0.0785646	300
-0.0789667	300
-0.076255	300
0.267148	300
0.265124	300
0.26731	300
0.267193	300
0.26717	300
0.285128	300
0.268706	300
0.284891	300
0.267128	300
0.267162	300
0.270645	300
0.277238	300
0.257754	300
0.285482	300
0.282952	300
-0.0893113	300
0.219644	300
0.23686	300
0.218113	300
0.229258	300
0.229909	300
0.232882	300
0.241757	300
-0.0424446	300
-0.0471908	300
-0.0462042	300
-0.0583343	300
-0.0584784	300
-0.05402	300
-0.0198978	300
-0.0127534	300
-0.010264	300
-0.0240751	300
-0.022858	300
-0.0315081	300
-0.0351548	300
-0.0407831	300
-0.0332003	300
-0.0193712	300
0.268081	300
0.274169	300
0.328197	300
0.311015	300
0.317479	300
0.299562	300
0.246492	300
0.250661	300
0.262463	300
0.253657	300
0.25918	300
0.269983	300
0.27279	300
0.26801	300
0.272597	300
0.245885	300
0.230298	300
0.234693	300
0.23367	300
0.251648	300
-0.0558456	300
-0.0636164	300
0.28498	300
0.284212	300
0.289608	300
0.257477	300
-0.10105	300
-0.00190178	300
-0.00224319	300
-0.0020376	300
-0.00183504	300
-0.0018983	300
-0.00196129	300
-0.00156244	300
-0.0634475	300
-0.0850696	300
-0.0942712	300
0.197852	300
0.202612	300
0.198481	300
0.190623	300.006
0.20192	300
0.206167	300
0.196586	300
0.266192	300
0.265413	300
0.258379	300
0.265667	300
0.272198	300
0.238875	300
0.249505	300
0.267887	300
0.254425	300
0.265492	300
0.282075	300
-0.0763009	300
-0.0733085	300
-0.0952252	300
-0.0876442	300
-0.0863806	300
-0.0661006	300
-0.0800139	300
-0.0621393	300
-0.0588734	300
-0.0471942	300
-0.0326669	300
-0.0443516	300
-0.0520383	300
-0.0270065	300
0.21467	300
0.225859	300
0.21972	300
-0.0779207	300
-0.0708288	300
-0.0701283	300
-0.0598777	300
-0.0681819	300
-0.0581126	300
0.286802	300
0.287631	300
0.284281	300
0.28175	300
0.284253	300
0.281767	300
0.284796	300
0.253412	300
-0.0515317	300
-0.19	300
0.38	300
0.372491	300
-0.0352949	300
0.118075	300
-0.19	300
-0.19	300
-0.00167593	300
0.178602	340.002
)
