(title "Static Temperature")
(labels "Position" "Static Temperature")

((xy/key/label "plane-7")
0.005	321.573
-5.4889e-34	321.339
-5.77779e-34	321.244
0.005	321.37
0.01	321.643
0.01	321.849
0.015	321.959
0.015	322.167
0.02	322.316
0.02	322.528
0.025	322.717
0.025	322.933
0.03	323.162
0.03	323.382
0.035	323.652
0.035	323.876
0.04	324.187
0.04	324.417
0.045	324.769
0.045	325.005
0.05	325.4
0.05	325.641
0.055	326.327
0.055	326.079
0.06	326.809
0.06	327.064
0.065	327.591
0.065	327.853
0.07	328.427
0.07	328.697
0.075	329.318
0.075	329.596
0.08	330.267
0.08	330.553
0.085	331.275
0.085	331.57
0.09	332.345
0.09	332.65
0.095	333.481
0.095	333.795
0.1	334.464
0.1	335.009
0.005	321.756
-5.20001e-34	321.52
0.01	322.034
0.015	322.355
0.02	322.719
0.025	323.127
0.03	323.58
0.035	324.078
0.04	324.623
0.045	325.216
0.05	325.857
0.055	326.549
0.06	327.292
0.065	328.088
0.07	328.938
0.075	329.844
0.08	330.808
0.085	331.832
0.09	332.918
0.095	334.068
0.1	335.284
0.005	321.917
-4.91112e-34	321.679
0.01	322.197
0.015	322.521
0.02	322.887
0.025	323.298
0.03	323.754
0.035	324.257
0.04	324.806
0.045	325.402
0.05	326.048
0.055	326.745
0.06	327.493
0.065	328.294
0.07	329.15
0.075	330.061
0.08	331.031
0.085	332.06
0.09	333.151
0.095	334.304
0.1	335.522
0.005	322.057
-4.62223e-34	321.818
0.01	322.339
0.015	322.665
0.02	323.034
0.025	323.447
0.03	323.906
0.035	324.411
0.04	324.964
0.045	325.564
0.05	326.214
0.055	326.915
0.06	327.667
0.065	328.472
0.07	329.333
0.075	330.249
0.08	331.223
0.085	332.256
0.09	333.35
0.095	334.506
0.1	335.724
0.005	322.176
-4.33334e-34	321.935
0.01	322.46
0.015	322.786
0.02	323.158
0.025	323.573
0.03	324.035
0.035	324.542
0.04	325.098
0.045	325.701
0.05	326.354
0.055	327.058
0.06	327.814
0.065	328.623
0.07	329.487
0.075	330.407
0.08	331.384
0.085	332.421
0.09	333.517
0.095	334.674
0.1	335.893
-4.04445e-34	322.032
0.005	322.273
0.01	322.558
0.015	322.886
0.02	323.259
0.025	323.677
0.03	324.14
0.035	324.65
0.04	325.207
0.045	325.813
0.05	326.469
0.055	327.176
0.06	327.934
0.065	328.746
0.07	329.613
0.075	330.536
0.08	331.516
0.085	332.554
0.09	333.652
0.095	334.81
0.1	336.03
-3.75556e-34	322.107
0.005	322.349
0.01	322.635
0.015	322.964
0.02	323.338
0.025	323.757
0.03	324.222
0.035	324.733
0.04	325.293
0.045	325.901
0.05	326.558
0.055	327.267
0.06	328.028
0.065	328.842
0.07	329.711
0.075	330.635
0.08	331.617
0.085	332.657
0.09	333.756
0.095	334.916
0.1	336.135
-3.46667e-34	322.16
0.005	322.403
0.01	322.69
0.015	323.02
0.02	323.395
0.025	323.815
0.03	324.28
0.035	324.793
0.04	325.354
0.045	325.963
0.05	326.622
0.055	327.332
0.06	328.094
0.065	328.91
0.07	329.78
0.075	330.706
0.08	331.689
0.085	332.73
0.09	333.831
0.095	334.99
0.1	336.21
-3.17778e-34	322.192
0.005	322.436
0.01	322.723
0.015	323.053
0.02	323.429
0.025	323.849
0.03	324.316
0.035	324.829
0.04	325.39
0.045	326
0.05	326.66
0.055	327.371
0.06	328.134
0.065	328.951
0.07	329.822
0.075	330.749
0.08	331.733
0.085	332.774
0.09	333.875
0.095	335.035
0.1	336.255
-2.88889e-34	322.203
0.005	322.447
0.01	322.734
0.015	323.064
0.02	323.44
0.025	323.861
0.03	324.327
0.035	324.841
0.04	325.402
0.045	326.013
0.05	326.673
0.055	327.384
0.06	328.148
0.065	328.964
0.07	329.836
0.075	330.763
0.08	331.747
0.085	332.789
0.09	333.89
0.095	335.05
0.1	336.27
-2.60001e-34	322.192
0.005	322.436
0.01	322.723
0.015	323.053
0.02	323.429
0.025	323.849
0.03	324.316
0.035	324.829
0.04	325.39
0.045	326
0.05	326.66
0.055	327.371
0.06	328.134
0.065	328.951
0.07	329.822
0.075	330.749
0.08	331.733
0.085	332.774
0.09	333.875
0.095	335.035
0.1	336.255
-2.31112e-34	322.16
0.005	322.403
0.01	322.69
0.015	323.02
0.02	323.395
0.025	323.815
0.03	324.28
0.035	324.793
0.04	325.354
0.045	325.963
0.05	326.622
0.055	327.332
0.06	328.094
0.065	328.91
0.07	329.78
0.075	330.706
0.08	331.689
0.085	332.73
0.09	333.831
0.095	334.99
0.1	336.21
-2.02223e-34	322.107
0.005	322.349
0.01	322.635
0.015	322.964
0.02	323.338
0.025	323.757
0.03	324.222
0.035	324.733
0.04	325.293
0.045	325.901
0.05	326.558
0.055	327.267
0.06	328.028
0.065	328.842
0.07	329.711
0.075	330.635
0.08	331.617
0.085	332.657
0.09	333.756
0.095	334.916
0.1	336.135
-1.73334e-34	322.032
0.005	322.273
0.01	322.558
0.015	322.886
0.02	323.259
0.025	323.677
0.03	324.14
0.035	324.65
0.04	325.207
0.045	325.813
0.05	326.469
0.055	327.176
0.06	327.934
0.065	328.746
0.07	329.613
0.075	330.536
0.08	331.516
0.085	332.554
0.09	333.652
0.095	334.81
0.1	336.03
-1.44445e-34	321.935
0.005	322.176
0.01	322.46
0.015	322.786
0.02	323.158
0.025	323.573
0.03	324.035
0.035	324.542
0.04	325.098
0.045	325.701
0.05	326.354
0.055	327.058
0.06	327.814
0.065	328.623
0.07	329.487
0.075	330.407
0.08	331.384
0.085	332.421
0.09	333.517
0.095	334.674
0.1	335.893
-1.15556e-34	321.818
0.005	322.057
0.01	322.339
0.015	322.665
0.02	323.034
0.025	323.447
0.03	323.906
0.035	324.411
0.04	324.964
0.045	325.564
0.05	326.214
0.055	326.915
0.06	327.667
0.065	328.472
0.07	329.333
0.075	330.249
0.08	331.223
0.085	332.256
0.09	333.35
0.095	334.506
0.1	335.724
-8.66668e-35	321.679
0.005	321.917
0.01	322.197
0.015	322.521
0.02	322.887
0.025	323.298
0.03	323.754
0.035	324.257
0.04	324.806
0.045	325.402
0.05	326.048
0.055	326.745
0.06	327.493
0.065	328.294
0.07	329.15
0.075	330.061
0.08	331.031
0.085	332.06
0.09	333.151
0.095	334.304
0.1	335.522
-5.77779e-35	321.52
0.005	321.756
0.01	322.034
0.015	322.355
0.02	322.719
0.025	323.127
0.03	323.58
0.035	324.078
0.04	324.623
0.045	325.216
0.05	325.857
0.055	326.549
0.06	327.292
0.065	328.088
0.07	328.938
0.075	329.844
0.08	330.808
0.085	331.832
0.09	332.918
0.095	334.068
0.1	335.284
-2.8889e-35	321.339
0.005	321.573
0.01	321.849
0.015	322.167
0.02	322.528
0.025	322.933
0.03	323.382
0.035	323.876
0.04	324.417
0.045	325.005
0.05	325.641
0.055	326.327
0.06	327.064
0.065	327.853
0.07	328.697
0.075	329.596
0.08	330.553
0.085	331.57
0.09	332.65
0.095	333.795
0.1	335.009
0.005	321.37
0	321.244
0.01	321.643
0.015	321.959
0.02	322.316
0.025	322.717
0.03	323.162
0.035	323.652
0.04	324.187
0.045	324.769
0.05	325.4
0.055	326.079
0.06	326.809
0.065	327.591
0.07	328.427
0.075	329.318
0.08	330.267
0.085	331.275
0.09	332.345
0.095	333.481
0.1	334.464
)
