(title "Static Temperature")
(labels "Position" "Static Temperature")

((xy/key/label "interface5.1")
0.239	329.986
0.239	329.983
0.239	329.978
0.239	329.973
0.239	329.968
0.239	329.964
0.239	329.959
0.239	329.955
0.239	329.95
0.239	329.946
0.239	329.942
0.239	329.938
0.239	329.934
0.239	329.93
0.239	329.926
0.239	329.923
0.239	329.92
0.239	329.916
0.239	329.913
0.239	329.911
0.239	329.908
0.239	329.906
0.239	329.903
0.239	329.901
0.239	329.899
0.239	329.898
0.239	329.896
0.239	329.895
0.239	329.894
0.239	329.893
0.239	329.893
)
