(title "Static Temperature")
(labels "Position" "Static Temperature")

((xy/key/label "interface5.1")
0.09	329.986
0.091	329.983
0.092	329.978
0.093	329.973
0.094	329.968
0.095	329.964
0.096	329.959
0.097	329.955
0.098	329.95
0.099	329.946
0.1	329.942
0.101	329.938
0.102	329.934
0.103	329.93
0.104	329.926
0.105	329.923
0.106	329.92
0.107	329.916
0.108	329.913
0.109	329.911
0.11	329.908
0.111	329.906
0.112	329.903
0.113	329.901
0.114	329.899
0.115	329.898
0.116	329.896
0.117	329.895
0.118	329.894
0.119	329.893
0.12	329.893
)
